The Verifier - November 2022. Data as of April 9, 2025.
FIPS code,State,Jurisdiction,Registered Voters,Precincts,Voting Location,All Mail Ballot?,Election Day Marking Method,Election Day Tabulation
"0100100000","Alabama","Autauga County","39027","21","Assigned Polling Place","No","Hand marked paper ballots and BMDs","Optical Scan",
"0100300000","Alabama","Baldwin County","164133","54","Assigned Polling Place","No","Hand marked paper ballots and BMDs","Optical Scan",
"0100500000","Alabama","Barbour County","15203","18","Assigned Polling Place","No","Hand marked paper ballots and BMDs","Optical Scan",
"0100700000","Alabama","Bibb County","13804","10","Assigned Polling Place","No","Hand marked paper ballots and BMDs","Optical Scan",
"0100900000","Alabama","Blount County","39011","26","Assigned Polling Place","No","Hand marked paper ballots and BMDs","Optical Scan",
"0101100000","Alabama","Bullock County","6327","10","Assigned Polling Place","No","Hand marked paper ballots and BMDs","Optical Scan",
"0101300000","Alabama","Butler County","12923","23","Assigned Polling Place","No","Hand marked paper ballots and BMDs","Optical Scan",
"0101500000","Alabama","Calhoun County","71901","45","Assigned Polling Place","No","Hand marked paper ballots and BMDs","Optical Scan",
"0101700000","Alabama","Chambers County","22709","18","Assigned Polling Place","No","Hand marked paper ballots and BMDs","Optical Scan",
"0101900000","Alabama","Cherokee County","18021","25","Assigned Polling Place","No","Hand marked paper ballots and BMDs","Optical Scan",
"0102100000","Alabama","Chilton County","27448","20","Assigned Polling Place","No","Hand marked paper ballots and BMDs","Optical Scan",
"0102300000","Alabama","Choctaw County","9607","34","Assigned Polling Place","No","Hand marked paper ballots and BMDs","Optical Scan",
"0102500000","Alabama","Clarke County","17130","31","Assigned Polling Place","No","Hand marked paper ballots and BMDs","Optical Scan",
"0102700000","Alabama","Clay County","9684","17","Assigned Polling Place","No","Hand marked paper ballots and BMDs","Optical Scan",
"0102900000","Alabama","Cleburne County","10094","16","Assigned Polling Place","No","Hand marked paper ballots and BMDs","Optical Scan",
"0103100000","Alabama","Coffee County","32183","29","Assigned Polling Place","No","Hand marked paper ballots and BMDs","Optical Scan",
"0103300000","Alabama","Colbert County","39863","36","Assigned Polling Place","No","Hand marked paper ballots and BMDs","Optical Scan",
"0103500000","Alabama","Conecuh County","8914","29","Assigned Polling Place","No","Hand marked paper ballots and BMDs","Optical Scan",
"0103700000","Alabama","Coosa County","7544","14","Assigned Polling Place","No","Hand marked paper ballots and BMDs","Optical Scan",
"0103900000","Alabama","Covington County","25118","27","Assigned Polling Place","No","Hand marked paper ballots and BMDs","Optical Scan",
"0104100000","Alabama","Crenshaw County","9593","20","Assigned Polling Place","No","Hand marked paper ballots and BMDs","Optical Scan",
"0104300000","Alabama","Cullman County","58386","51","Assigned Polling Place","No","Hand marked paper ballots and BMDs","Optical Scan",
"0104500000","Alabama","Dale County","30211","20","Assigned Polling Place","No","Hand marked paper ballots and BMDs","Optical Scan",
"0104700000","Alabama","Dallas County","26765","31","Assigned Polling Place","No","Hand marked paper ballots and BMDs","Optical Scan",
"0104900000","Alabama","DeKalb County","41181","46","Assigned Polling Place","No","Hand marked paper ballots and BMDs","Optical Scan",
"0105100000","Alabama","Elmore County","55920","31","Assigned Polling Place","No","Hand marked paper ballots and BMDs","Optical Scan",
"0105300000","Alabama","Escambia County","23635","31","Assigned Polling Place","No","Hand marked paper ballots and BMDs","Optical Scan",
"0105500000","Alabama","Etowah County","68609","33","Assigned Polling Place","No","Hand marked paper ballots and BMDs","Optical Scan",
"0105700000","Alabama","Fayette County","11772","26","Assigned Polling Place","No","Hand marked paper ballots and BMDs","Optical Scan",
"0105900000","Alabama","Franklin County","18432","26","Assigned Polling Place","No","Hand marked paper ballots and BMDs","Optical Scan",
"0106100000","Alabama","Geneva County","17692","23","Assigned Polling Place","No","Hand marked paper ballots and BMDs","Optical Scan",
"0106300000","Alabama","Greene County","6037","16","Assigned Polling Place","No","Hand marked paper ballots and BMDs","Optical Scan",
"0106500000","Alabama","Hale County","11180","16","Assigned Polling Place","No","Hand marked paper ballots and BMDs","Optical Scan",
"0106700000","Alabama","Henry County","12948","16","Assigned Polling Place","No","Hand marked paper ballots and BMDs","Optical Scan",
"0106900000","Alabama","Houston County","69925","29","Assigned Polling Place","No","Hand marked paper ballots and BMDs","Optical Scan",
"0107100000","Alabama","Jackson County","35390","32","Assigned Polling Place","No","Hand marked paper ballots and BMDs","Optical Scan",
"0107300000","Alabama","Jefferson County","435225","181","Assigned Polling Place","No","Hand marked paper ballots and BMDs","Optical Scan",
"0107500000","Alabama","Lamar County","10015","27","Assigned Polling Place","No","Hand marked paper ballots and BMDs","Optical Scan",
"0107700000","Alabama","Lauderdale County","60645","33","Assigned Polling Place","No","Hand marked paper ballots and BMDs","Optical Scan",
"0107900000","Alabama","Lawrence County","23767","31","Assigned Polling Place","No","Hand marked paper ballots and BMDs","Optical Scan",
"0108100000","Alabama","Lee County","104701","24","Assigned Polling Place","No","Hand marked paper ballots and BMDs","Optical Scan",
"0108300000","Alabama","Limestone County","68528","27","Assigned Polling Place","No","Hand marked paper ballots and BMDs","Optical Scan",
"0108500000","Alabama","Lowndes County","8851","14","Assigned Polling Place","No","Hand marked paper ballots and BMDs","Optical Scan",
"0108700000","Alabama","Macon County","12853","16","Assigned Polling Place","No","Hand marked paper ballots and BMDs","Optical Scan",
"0108900000","Alabama","Madison County","268433","76","Assigned Polling Place","No","Hand marked paper ballots and BMDs","Optical Scan",
"0109100000","Alabama","Marengo County","13968","20","Assigned Polling Place","No","Hand marked paper ballots and BMDs","Optical Scan",
"0109300000","Alabama","Marion County","20010","17","Assigned Polling Place","No","Hand marked paper ballots and BMDs","Optical Scan",
"0109500000","Alabama","Marshall County","59507","31","Assigned Polling Place","No","Hand marked paper ballots and BMDs","Optical Scan",
"0109700000","Alabama","Mobile County","268090","82","Assigned Polling Place","No","Hand marked paper ballots and BMDs","Optical Scan",
"0109900000","Alabama","Monroe County","14516","30","Assigned Polling Place","No","Hand marked paper ballots and BMDs","Optical Scan",
"0110100000","Alabama","Montgomery County","141542","51","Assigned Polling Place","No","Hand marked paper ballots and BMDs","Optical Scan",
"0110300000","Alabama","Morgan County","79388","41","Assigned Polling Place","No","Hand marked paper ballots and BMDs","Optical Scan",
"0110500000","Alabama","Perry County","7029","14","Assigned Polling Place","No","Hand marked paper ballots and BMDs","Optical Scan",
"0110700000","Alabama","Pickens County","12786","21","Assigned Polling Place","No","Hand marked paper ballots and BMDs","Optical Scan",
"0110900000","Alabama","Pike County","19748","35","Assigned Polling Place","No","Hand marked paper ballots and BMDs","Optical Scan",
"0111100000","Alabama","Randolph County","16110","25","Assigned Polling Place","No","Hand marked paper ballots and BMDs","Optical Scan",
"0111300000","Alabama","Russell County","34598","19","Assigned Polling Place","No","Hand marked paper ballots and BMDs","Optical Scan",
"0111700000","Alabama","Shelby County","154051","39","Assigned Polling Place","No","Hand marked paper ballots and BMDs","Optical Scan",
"0111500000","Alabama","St. Clair County","63935","32","Assigned Polling Place","No","Hand marked paper ballots and BMDs","Optical Scan",
"0111900000","Alabama","Sumter County","8282","15","Assigned Polling Place","No","Hand marked paper ballots and BMDs","Optical Scan",
"0112100000","Alabama","Talladega County","53203","28","Assigned Polling Place","No","Hand marked paper ballots and BMDs","Optical Scan",
"0112300000","Alabama","Tallapoosa County","28605","28","Assigned Polling Place","No","Hand marked paper ballots and BMDs","Optical Scan",
"0112500000","Alabama","Tuscaloosa County","126874","56","Assigned Polling Place","No","Hand marked paper ballots and BMDs","Optical Scan",
"0112700000","Alabama","Walker County","43568","47","Assigned Polling Place","No","Hand marked paper ballots and BMDs","Optical Scan",
"0112900000","Alabama","Washington County","12286","21","Assigned Polling Place","No","Hand marked paper ballots and BMDs","Optical Scan",
"0113100000","Alabama","Wilcox County","8303","23","Assigned Polling Place","No","Hand marked paper ballots and BMDs","Optical Scan",
"0113300000","Alabama","Winston County","16105","20","Assigned Polling Place","No","Hand marked paper ballots and BMDs","Optical Scan",
"0200000000","Alaska","Alaska","601795","401","Assigned Polling Place","No","Hand marked paper ballots, BMDs and DREs with VVPAT","Hand Count, Optical Scan, and DRE",
"6000000000","American Samoa","American Samoa","14314","42","","No","Hand marked paper ballots, No accessible equipment","Hand Count",
"0400100000","Arizona","Apache County","51981","44","Assigned Polling Place","No","Hand marked paper ballots and BMDs","Optical Scan",
"0400300000","Arizona","Cochise County","77394","55","Vote Center","No","Hand marked paper ballots and BMDs","Optical Scan",
"0400500000","Arizona","Coconino County","90829","75","Vote Center","No","Hand marked paper ballots and BMDs","Optical Scan",
"0400700000","Arizona","Gila County","33949","39","Vote Center","No","Hand marked paper ballots and BMDs","Optical Scan",
"0400900000","Arizona","Graham County","19487","22","Vote Center","No","Hand marked paper ballots and BMDs","Optical Scan",
"0401100000","Arizona","Greenlee County","4669","8","Vote Center","No","Hand marked paper ballots and BMDs","Optical Scan",
"0401200000","Arizona","La Paz County","11311","11","Vote Center","No","Hand marked paper ballots and BMDs","Optical Scan",
"0401300000","Arizona","Maricopa County","2435397","935","Vote Center","No","Hand marked paper ballots and BMDs","Optical Scan",
"0401500000","Arizona","Mohave County","146919","24","Assigned Polling Place","No","Hand marked paper ballots and BMDs","Optical Scan",
"0401700000","Arizona","Navajo County","69040","14","Assigned Polling Place","No","Hand marked paper ballots and BMDs","Optical Scan",
"0401900000","Arizona","Pima County","639885","278","Vote Center","No","Hand marked paper ballots and BMDs","Optical Scan",
"0402100000","Arizona","Pinal County","262694","109","Assigned Polling Place","No","Hand marked paper ballots and BMDs","Optical Scan",
"0402300000","Arizona","Santa Cruz County","29189","24","Vote Center","No","Hand marked paper ballots and BMDs","Optical Scan",
"0402500000","Arizona","Yavapai County","166052","48","Vote Center","No","Hand marked paper ballots and BMDs","Optical Scan",
"0402700000","Arizona","Yuma County","105133","46","Vote Center","No","Hand marked paper ballots and BMDs","Optical Scan",
"0500100000","Arkansas","Arkansas County","7207","30","Vote Center","No","Ballot Marking Devices for all voters","Optical Scan",
"0500300000","Arkansas","Ashley County","8863","13","Vote Center","No","Ballot Marking Devices for all voters","Optical Scan",
"0500500000","Arkansas","Baxter County","25353","50","Vote Center","No","Ballot Marking Devices for all voters","Optical Scan",
"0500700000","Arkansas","Benton County","154218","117","Vote Center","No","Ballot Marking Devices for all voters","Optical Scan",
"0500900000","Arkansas","Boone County","20792","68","Vote Center","No","Ballot Marking Devices for all voters","Optical Scan",
"0501100000","Arkansas","Bradley County","4169","15","Vote Center","No","Ballot Marking Devices for all voters","Optical Scan",
"0501300000","Arkansas","Calhoun County","2464","22","Vote Center","No","Ballot Marking Devices for all voters","Optical Scan",
"0501500000","Arkansas","Carroll County","13830","11","Vote Center","No","Ballot Marking Devices for all voters","Optical Scan",
"0501700000","Arkansas","Chicot County","4975","13","Assigned Polling Place","No","Hand marked paper ballots and BMDs","Optical Scan",
"0501900000","Arkansas","Clark County","9516","21","Vote Center","No","Ballot Marking Devices for all voters","Optical Scan",
"0502100000","Arkansas","Clay County","6317","18","Vote Center","No","Ballot Marking Devices for all voters","Optical Scan",
"0502300000","Arkansas","Cleburne County","15646","14","Vote Center","No","Ballot Marking Devices for all voters","Optical Scan",
"0502500000","Arkansas","Cleveland County","4161","17","Assigned Polling Place","No","Hand marked paper ballots and BMDs","Optical Scan",
"0502700000","Arkansas","Columbia County","9893","14","Vote Center","No","Ballot Marking Devices for all voters","Optical Scan",
"0502900000","Arkansas","Conway County","10235","31","Vote Center","No","Ballot Marking Devices for all voters","Optical Scan",
"0503100000","Arkansas","Craighead County","48053","53","Vote Center","No","Ballot Marking Devices for all voters","Optical Scan",
"0503300000","Arkansas","Crawford County","29087","13","Vote Center","No","Ballot Marking Devices for all voters","Optical Scan",
"0503500000","Arkansas","Crittenden County","19978","43","Assigned Polling Place","No","Ballot Marking Devices for all voters","Optical Scan",
"0503700000","Arkansas","Cross County","8207","22","Vote Center","No","Ballot Marking Devices for all voters","Optical Scan",
"0503900000","Arkansas","Dallas County","3151","15","Vote Center","No","Ballot Marking Devices for all voters","Optical Scan",
"0504100000","Arkansas","Desha County","5649","21","Vote Center","No","Ballot Marking Devices for all voters","Optical Scan",
"0504300000","Arkansas","Drew County","8370","17","Vote Center","No","Ballot Marking Devices for all voters","Optical Scan",
"0504500000","Arkansas","Faulkner County","65984","51","Vote Center","No","Ballot Marking Devices for all voters","Optical Scan",
"0504700000","Arkansas","Franklin County","8251","39","Vote Center","No","Ballot Marking Devices for all voters","Optical Scan",
"0504900000","Arkansas","Fulton County","6333","10","Vote Center","No","Ballot Marking Devices for all voters","Optical Scan",
"0505100000","Arkansas","Garland County","53625","56","Vote Center","No","Ballot Marking Devices for all voters","Optical Scan",
"0505300000","Arkansas","Grant County","9639","18","Vote Center","No","Ballot Marking Devices for all voters","Optical Scan",
"0505500000","Arkansas","Greene County","19228","11","Vote Center","No","Ballot Marking Devices for all voters","Optical Scan",
"0505700000","Arkansas","Hempstead County","7943","25","Vote Center","No","Ballot Marking Devices for all voters","Optical Scan",
"0505900000","Arkansas","Hot Spring County","15296","36","Vote Center","No","Ballot Marking Devices for all voters","Optical Scan",
"0506100000","Arkansas","Howard County","6037","36","Vote Center","No","Ballot Marking Devices for all voters","Optical Scan",
"0506300000","Arkansas","Independence County","18125","31","Vote Center","No","Ballot Marking Devices for all voters","Optical Scan",
"0506500000","Arkansas","Izard County","7541","30","Vote Center","No","Ballot Marking Devices for all voters","Optical Scan",
"0506700000","Arkansas","Jackson County","6359","45","Vote Center","No","Ballot Marking Devices for all voters","Optical Scan",
"0506900000","Arkansas","Jefferson County","29331","199","Assigned Polling Place","No","Ballot Marking Devices for all voters","Optical Scan",
"0507100000","Arkansas","Johnson County","12682","11","Vote Center","No","Ballot Marking Devices for all voters","Optical Scan",
"0507300000","Arkansas","Lafayette County","2642","26","Vote Center","No","Ballot Marking Devices for all voters","Optical Scan",
"0507500000","Arkansas","Lawrence County","6985","29","Assigned Polling Place","No","Ballot Marking Devices for all voters","Optical Scan",
"0507700000","Arkansas","Lee County","3422","24","Vote Center","No","Ballot Marking Devices for all voters","Optical Scan",
"0507900000","Arkansas","Lincoln County","4370","26","Vote Center","No","Ballot Marking Devices for all voters","Optical Scan",
"0508100000","Arkansas","Little River County","6186","20","Vote Center","No","Ballot Marking Devices for all voters","Optical Scan",
"0508300000","Arkansas","Logan County","11050","36","Vote Center","No","Ballot Marking Devices for all voters","Optical Scan",
"0508500000","Arkansas","Lonoke County","36615","55","Vote Center","No","Ballot Marking Devices for all voters","Optical Scan",
"0508700000","Arkansas","Madison County","9033","10","Vote Center","No","Ballot Marking Devices for all voters","Optical Scan",
"0508900000","Arkansas","Marion County","9620","31","Vote Center","No","Ballot Marking Devices for all voters","Optical Scan",
"0509100000","Arkansas","Miller County","18998","19","Vote Center","No","Ballot Marking Devices for all voters","Optical Scan",
"0509300000","Arkansas","Mississippi County","14675","54","Assigned Polling Place","No","Ballot Marking Devices for all voters","Optical Scan",
"0509500000","Arkansas","Monroe County","3242","16","Vote Center","No","Ballot Marking Devices for all voters","Optical Scan",
"0509700000","Arkansas","Montgomery County","4614","16","Vote Center","No","Ballot Marking Devices for all voters","Optical Scan",
"0509900000","Arkansas","Nevada County","3508","9","Assigned Polling Place","No","Ballot Marking Devices for all voters","Optical Scan",
"0510100000","Arkansas","Newton County","4527","11","Vote Center","No","Ballot Marking Devices for all voters","Optical Scan",
"0510300000","Arkansas","Ouachita County","11229","19","Vote Center","No","Ballot Marking Devices for all voters","Optical Scan",
"0510500000","Arkansas","Perry County","5586","9","Assigned Polling Place","No","Ballot Marking Devices for all voters","Optical Scan",
"0510700000","Arkansas","Phillips County","7279","55","Assigned Polling Place","No","Hand marked paper ballots and BMDs","Optical Scan",
"0510900000","Arkansas","Pike County","5450","11","Vote Center","No","Ballot Marking Devices for all voters","Optical Scan",
"0511100000","Arkansas","Poinsett County","9552","12","Vote Center","No","Ballot Marking Devices for all voters","Optical Scan",
"0511300000","Arkansas","Polk County","10143","18","Vote Center","No","Ballot Marking Devices for all voters","Optical Scan",
"0511500000","Arkansas","Pope County","29091","57","Vote Center","No","Ballot Marking Devices for all voters","Optical Scan",
"0511700000","Arkansas","Prairie County","4106","25","Assigned Polling Place","No","Hand marked paper ballots and BMDs","Optical Scan",
"0511900000","Arkansas","Pulaski County","197808","131","Assigned Polling Place","No","Hand marked paper ballots and BMDs","Optical Scan",
"0512100000","Arkansas","Randolph County","8086","29","Assigned Polling Place","No","Ballot Marking Devices for all voters","Optical Scan",
"0512500000","Arkansas","Saline County","68571","42","Vote Center","No","Ballot Marking Devices for all voters","Optical Scan",
"0512700000","Arkansas","Scott County","4223","28","Vote Center","No","Ballot Marking Devices for all voters","Optical Scan",
"0512900000","Arkansas","Searcy County","5717","9","Assigned Polling Place","No","Hand marked paper ballots and BMDs","Hand Count",
"0513100000","Arkansas","Sebastian County","58481","107","Vote Center","No","Ballot Marking Devices for all voters","Optical Scan",
"0513300000","Arkansas","Sevier County","6643","9","Vote Center","No","Ballot Marking Devices for all voters","Optical Scan",
"0513500000","Arkansas","Sharp County","9276","26","Vote Center","No","Ballot Marking Devices for all voters","Optical Scan",
"0512300000","Arkansas","St. Francis County","8580","16","Assigned Polling Place","No","Ballot Marking Devices for all voters","Optical Scan",
"0513700000","Arkansas","Stone County","1905","19","Vote Center","No","Ballot Marking Devices for all voters","Optical Scan",
"0513900000","Arkansas","Union County","20066","29","Vote Center","No","Ballot Marking Devices for all voters","Optical Scan",
"0514100000","Arkansas","Van Buren County","9394","21","Vote Center","No","Ballot Marking Devices for all voters","Optical Scan",
"0514300000","Arkansas","Washington County","119615","230","Vote Center","No","Ballot Marking Devices for all voters","Optical Scan",
"0514500000","Arkansas","White County","37861","96","Vote Center","No","Ballot Marking Devices for all voters","Optical Scan",
"0514700000","Arkansas","Woodruff County","3013","20","Vote Center","No","Ballot Marking Devices for all voters","Optical Scan",
"0514900000","Arkansas","Yell County","8168","28","Vote Center","No","Ballot Marking Devices for all voters","Optical Scan",
"0600100000","California","Alameda County","930585","552","Vote Center","Yes","Hand marked paper ballots and BMDs","Optical Scan",
"0600300000","California","Alpine County","911","5","Election Office","Yes","Hand marked paper ballots and BMDs","Optical Scan",
"0600500000","California","Amador County","25944","47","Vote Center","Yes","Hand marked paper ballots and BMDs","Optical Scan",
"0600700000","California","Butte County","124006","176","Vote Center","Yes","Hand marked paper ballots and BMDs","Optical Scan",
"0600900000","California","Calaveras County","32279","25","Vote Center","Yes","Hand marked paper ballots and BMDs","Optical Scan",
"0601100000","California","Colusa County","10167","19","Assigned Polling Place","Yes","Hand marked paper ballots and BMDs","Optical Scan",
"0601300000","California","Contra Costa County","701373","1265","Assigned Polling Place","Yes","Hand marked paper ballots and BMDs","Optical Scan",
"0601500000","California","Del Norte County","14944","19","Assigned Polling Place","Yes","Hand marked paper ballots and BMDs","Optical Scan",
"0601700000","California","El Dorado County","138331","192","Vote Center","Yes","Hand marked paper ballots and BMDs","Optical Scan",
"0601900000","California","Fresno County","499803","562","Vote Center","Yes","Hand marked paper ballots and BMDs","Optical Scan",
"0602100000","California","Glenn County","14332","84","Assigned Polling Place","Yes","Hand marked paper ballots and BMDs","Optical Scan",
"0602300000","California","Humboldt County","84695","120","Assigned Polling Place","Yes","Hand marked paper ballots and BMDs","Optical Scan",
"0602500000","California","Imperial County","86594","305","Assigned Polling Place","Yes","Hand marked paper ballots and BMDs","Optical Scan",
"0602700000","California","Inyo County","10720","21","Assigned Polling Place","Yes","Hand marked paper ballots and BMDs","Optical Scan",
"0602900000","California","Kern County","436311","762","Assigned Polling Place","Yes","Hand marked paper ballots and BMDs","Optical Scan",
"0603100000","California","Kings County","61439","82","Assigned Polling Place","Yes","Hand marked paper ballots and BMDs","Optical Scan",
"0603300000","California","Lake County","36669","80","Assigned Polling Place","Yes","Hand marked paper ballots and BMDs","Optical Scan",
"0603500000","California","Lassen County","14808","52","Vote Center","Yes","Hand marked paper ballots and BMDs","Optical Scan",
"0603700000","California","Los Angeles County","5618825","3680","Vote Center","Yes","Ballot Marking Devices for all voters","Optical Scan",
"0603900000","California","Madera County","72865","59","Vote Center","Yes","Hand marked paper ballots and BMDs","Optical Scan",
"0604100000","California","Marin County","170310","137","Assigned Polling Place","Yes","Hand marked paper ballots and BMDs","Optical Scan",
"0604300000","California","Mariposa County","11580","27","Vote Center","Yes","Hand marked paper ballots and BMDs","Optical Scan",
"0604500000","California","Mendocino County","52979","281","Assigned Polling Place","Yes","Hand marked paper ballots and BMDs","Optical Scan",
"0604700000","California","Merced County","125310","299","Assigned Polling Place","Yes","Hand marked paper ballots and BMDs","Optical Scan",
"0604900000","California","Modoc County","5171","21","Assigned Polling Place","Yes","Hand marked paper ballots and BMDs","Optical Scan",
"0605100000","California","Mono County","7712","12","Assigned Polling Place","Yes","Hand marked paper ballots and BMDs","Optical Scan",
"0605300000","California","Monterey County","209045","224","Assigned Polling Place","Yes","Hand marked paper ballots and BMDs","Optical Scan",
"0605500000","California","Napa County","83433","200","Vote Center","Yes","Hand marked paper ballots and BMDs","Optical Scan",
"0605700000","California","Nevada County","74535","136","Vote Center","Yes","Hand marked paper ballots and BMDs","Optical Scan",
"0605900000","California","Orange County","1819086","2169","Vote Center","Yes","Hand marked paper ballots and BMDs","Optical Scan",
"0606100000","California","Placer County","279327","408","","Yes","Hand marked paper ballots and BMDs","Optical Scan",
"0606300000","California","Plumas County","13863","29","","Yes","Hand marked paper ballots and BMDs","Optical Scan",
"0606500000","California","Riverside County","1308304","1265","","Yes","Ballot Marking Devices for all voters","Optical Scan",
"0606700000","California","Sacramento County","864151","685","Vote Center","Yes","Hand marked paper ballots and BMDs","Optical Scan",
"0606900000","California","San Benito County","37722","44","","Yes","Hand marked paper ballots and BMDs","Optical Scan",
"0607100000","California","San Bernardino County","1140442","2765","","Yes","Hand marked paper ballots and BMDs","Optical Scan",
"0607300000","California","San Diego County","1925786","2718","","Yes","Ballot Marking Devices for all voters","Optical Scan",
"0607500000","California","City and County of San Francisco","497619","514","","Yes","Hand marked paper ballots and BMDs","Optical Scan",
"0607700000","California","San Joaquin County","388906","384","","Yes","Hand marked paper ballots and BMDs","Optical Scan",
"0607900000","California","San Luis Obispo County","182045","133","","Yes","Hand marked paper ballots and BMDs","Optical Scan",
"0608100000","California","San Mateo County","433083","332","Vote Center","Yes","Hand marked paper ballots and BMDs","Optical Scan",
"0608300000","California","Santa Barbara County","237664","297","","Yes","Hand marked paper ballots and BMDs","Optical Scan",
"0608500000","California","Santa Clara County","1010759","754","Vote Center","Yes","Hand marked paper ballots and BMDs","Optical Scan",
"0608700000","California","Santa Cruz County","167692","200","","Yes","Hand marked paper ballots and BMDs","Optical Scan",
"0608900000","California","Shasta County","111556","68","","Yes","Hand marked paper ballots and BMDs","Optical Scan",
"0609100000","California","Sierra County","2219","19","","Yes","Hand marked paper ballots and BMDs","Optical Scan",
"0609300000","California","Siskiyou County","28801","62","","Yes","Hand marked paper ballots and BMDs","Optical Scan",
"0609500000","California","Solano County","260225","215","","Yes","Hand marked paper ballots and BMDs","Optical Scan",
"0609700000","California","Sonoma County","304321","608","","Yes","Hand marked paper ballots and BMDs","Optical Scan",
"0609900000","California","Stanislaus County","281936","199","Vote Center","Yes","Hand marked paper ballots and BMDs","Optical Scan",
"0610100000","California","Sutter County","52896","24","","Yes","Hand marked paper ballots and BMDs","Optical Scan",
"0610300000","California","Tehama County","37219","40","","Yes","Hand marked paper ballots and BMDs","Optical Scan",
"0610500000","California","Trinity County","7304","16","","Yes","Hand marked paper ballots and BMDs","Optical Scan",
"0610700000","California","Tulare County","208554","360","","Yes","Hand marked paper ballots and BMDs","Optical Scan",
"0610900000","California","Tuolumne County","35309","65","Vote Center","Yes","Hand marked paper ballots and BMDs","Optical Scan",
"0611100000","California","Ventura County","506243","1640","","Yes","Hand marked paper ballots and BMDs","Optical Scan",
"0611300000","California","Yolo County","118293","62","","Yes","Hand marked paper ballots and BMDs","Optical Scan",
"0611500000","California","Yuba County","41217","35","","Yes","Hand marked paper ballots and BMDs","Optical Scan",
"0800100000","Colorado","Adams County","296776","278","Vote Center","Yes","Hand marked paper ballots and BMDs","Optical Scan",
"0800300000","Colorado","Alamosa County","9880","8","Vote Center","Yes","Hand marked paper ballots and BMDs","Optical Scan",
"0800500000","Colorado","Arapahoe County","410008","409","Vote Center","Yes","Hand marked paper ballots and BMDs","Optical Scan",
"0800700000","Colorado","Archuleta County","11143","8","Vote Center","Yes","Hand marked paper ballots and BMDs","Optical Scan",
"0800900000","Colorado","Baca County","2607","9","Vote Center","Yes","Hand marked paper ballots and BMDs","Optical Scan",
"0801100000","Colorado","Bent County","2817","5","Vote Center","Yes","Hand marked paper ballots and BMDs","Optical Scan",
"0801300000","Colorado","Boulder County","224533","193","Vote Center","Yes","Hand marked paper ballots and BMDs","Optical Scan",
"0801400000","Colorado","City and County of Broomfield","52551","58","Vote Center","Yes","Hand marked paper ballots and BMDs","Optical Scan",
"0801500000","Colorado","Chaffee County","15862","11","Vote Center","Yes","Hand marked paper ballots and BMDs","Optical Scan",
"0801700000","Colorado","Cheyenne County","1243","5","Vote Center","Yes","Hand marked paper ballots and BMDs","Optical Scan",
"0801900000","Colorado","Clear Creek County","7537","9","Vote Center","Yes","Hand marked paper ballots and BMDs","Optical Scan",
"0802100000","Colorado","Conejos County","5170","10","Vote Center","Yes","Hand marked paper ballots and BMDs","Optical Scan",
"0802300000","Colorado","Costilla County","2864","8","Vote Center","Yes","Hand marked paper ballots and BMDs","Optical Scan",
"0802500000","Colorado","Crowley County","2161","6","Vote Center","Yes","Hand marked paper ballots and BMDs","Optical Scan",
"0802700000","Colorado","Custer County","4468","3","Vote Center","Yes","Hand marked paper ballots and BMDs","Optical Scan",
"0802900000","Colorado","Delta County","22654","20","Vote Center","Yes","Hand marked paper ballots and BMDs","Optical Scan",
"0803100000","Colorado","City and County of Denver","457501","304","Vote Center","Yes","Hand marked paper ballots and BMDs","Optical Scan",
"0803300000","Colorado","Dolores County","1701","1","Vote Center","Yes","Hand marked paper ballots and BMDs","Optical Scan",
"0803500000","Colorado","Douglas County","269103","210","Vote Center","Yes","Hand marked paper ballots and BMDs","Optical Scan",
"0803700000","Colorado","Eagle County","33633","39","Vote Center","Yes","Hand marked paper ballots and BMDs","Optical Scan",
"0804100000","Colorado","El Paso County","469368","328","Vote Center","Yes","Hand marked paper ballots and BMDs","Optical Scan",
"0803900000","Colorado","Elbert County","22168","18","Vote Center","Yes","Hand marked paper ballots and BMDs","Optical Scan",
"0804300000","Colorado","Fremont County","30691","30","Vote Center","Yes","Hand marked paper ballots and BMDs","Optical Scan",
"0804500000","Colorado","Garfield County","37189","27","Vote Center","Yes","Hand marked paper ballots and BMDs","Optical Scan",
"0804700000","Colorado","Gilpin County","4854","6","Vote Center","Yes","Hand marked paper ballots and BMDs","Optical Scan",
"0804900000","Colorado","Grand County","11668","12","Vote Center","Yes","Hand marked paper ballots and BMDs","Optical Scan",
"0805100000","Colorado","Gunnison County","12397","15","Vote Center","Yes","Hand marked paper ballots and BMDs","Optical Scan",
"0805300000","Colorado","Hinsdale County","708","1","Vote Center","Yes","Hand marked paper ballots and BMDs","Optical Scan",
"0805500000","Colorado","Huerfano County","5458","5","Vote Center","Yes","Hand marked paper ballots and BMDs","Optical Scan",
"0805700000","Colorado","Jackson County","999","1","Vote Center","Yes","Hand marked paper ballots and BMDs","Optical Scan",
"0805900000","Colorado","Jefferson County","423575","300","Vote Center","Yes","Hand marked paper ballots and BMDs","Optical Scan",
"0806100000","Colorado","Kiowa County","989","4","Vote Center","Yes","Hand marked paper ballots and BMDs","Optical Scan",
"0806300000","Colorado","Kit Carson County","4607","13","Vote Center","Yes","Hand marked paper ballots and BMDs","Optical Scan",
"0806700000","Colorado","La Plata County","41242","32","Vote Center","Yes","Hand marked paper ballots and BMDs","Optical Scan",
"0806500000","Colorado","Lake County","4887","6","Vote Center","Yes","Hand marked paper ballots and BMDs","Optical Scan",
"0806900000","Colorado","Larimer County","255784","170","Vote Center","Yes","Hand marked paper ballots and BMDs","Optical Scan",
"0807100000","Colorado","Las Animas County","10342","7","Vote Center","Yes","Hand marked paper ballots and BMDs","Optical Scan",
"0807300000","Colorado","Lincoln County","3072","13","Vote Center","Yes","Hand marked paper ballots and BMDs","Optical Scan",
"0807500000","Colorado","Logan County","12160","16","Vote Center","Yes","Hand marked paper ballots and BMDs","Optical Scan",
"0807700000","Colorado","Mesa County","107447","67","Vote Center","Yes","Hand marked paper ballots and BMDs","Optical Scan",
"0807900000","Colorado","Mineral County","865","1","Vote Center","Yes","Hand marked paper ballots and BMDs","Optical Scan",
"0808100000","Colorado","Moffat County","8584","13","Vote Center","Yes","Hand marked paper ballots and BMDs","Optical Scan",
"0808300000","Colorado","Montezuma County","18991","12","Vote Center","Yes","Hand marked paper ballots and BMDs","Optical Scan",
"0808500000","Colorado","Montrose County","29855","21","Vote Center","Yes","Hand marked paper ballots and BMDs","Optical Scan",
"0808700000","Colorado","Morgan County","17545","18","Vote Center","Yes","Hand marked paper ballots and BMDs","Optical Scan",
"0808900000","Colorado","Otero County","12121","17","Vote Center","Yes","Hand marked paper ballots and BMDs","Optical Scan",
"0809100000","Colorado","Ouray County","4526","5","Vote Center","Yes","Hand marked paper ballots and BMDs","Optical Scan",
"0809300000","Colorado","Park County","14482","13","Vote Center","Yes","Hand marked paper ballots and BMDs","Optical Scan",
"0809500000","Colorado","Phillips County","2804","8","Vote Center","Yes","Hand marked paper ballots and BMDs","Optical Scan",
"0809700000","Colorado","Pitkin County","13735","12","Vote Center","Yes","Hand marked paper ballots and BMDs","Optical Scan",
"0809900000","Colorado","Prowers County","6920","13","Vote Center","Yes","Hand marked paper ballots and BMDs","Optical Scan",
"0810100000","Colorado","Pueblo County","110891","152","Vote Center","Yes","Hand marked paper ballots and BMDs","Optical Scan",
"0810300000","Colorado","Rio Blanco County","4231","5","Vote Center","Yes","Hand marked paper ballots and BMDs","Optical Scan",
"0810500000","Colorado","Rio Grande County","7982","15","Vote Center","Yes","Hand marked paper ballots and BMDs","Optical Scan",
"0810700000","Colorado","Routt County","19533","19","Vote Center","Yes","Hand marked paper ballots and BMDs","Optical Scan",
"0810900000","Colorado","Saguache County","4408","7","Vote Center","Yes","Hand marked paper ballots and BMDs","Optical Scan",
"0811100000","Colorado","San Juan County","746","1","Vote Center","Yes","Hand marked paper ballots and BMDs","Hand Count",
"0811300000","Colorado","San Miguel County","5985","6","Vote Center","Yes","Hand marked paper ballots and BMDs","Optical Scan",
"0811500000","Colorado","Sedgwick County","1670","5","Vote Center","Yes","Hand marked paper ballots and BMDs","Optical Scan",
"0811700000","Colorado","Summit County","21352","20","Vote Center","Yes","Hand marked paper ballots and BMDs","Optical Scan",
"0811900000","Colorado","Teller County","19024","14","Vote Center","Yes","Hand marked paper ballots and BMDs","Optical Scan",
"0812100000","Colorado","Washington County","3293","6","Vote Center","Yes","Hand marked paper ballots and BMDs","Optical Scan",
"0812300000","Colorado","Weld County","210704","198","Vote Center","Yes","Hand marked paper ballots and BMDs","Optical Scan",
"0812500000","Colorado","Yuma County","5750","14","Vote Center","Yes","Hand marked paper ballots and BMDs","Optical Scan",
"0900123890","Connecticut","Town of Easton (Fairfield County)","5552","1","Assigned Polling Place","No","Hand marked paper ballots and BMDs","Optical Scan",
"0900148620","Connecticut","Town of Monroe (Fairfield County)","13134","4","Assigned Polling Place","No","Hand marked paper ballots and BMDs","Optical Scan",
"0900104720","Connecticut","Town of Bethel (Fairfield County)","12670","5","Assigned Polling Place","No","Hand marked paper ballots and BMDs","Optical Scan",
"0900108070","Connecticut","City of Bridgeport (Fairfield County)","69743","24","Assigned Polling Place","No","Hand marked paper ballots and BMDs","Optical Scan",
"0900108980","Connecticut","Town of Brookfield (Fairfield County)","12901","2","Assigned Polling Place","No","Hand marked paper ballots and BMDs","Optical Scan",
"0900118500","Connecticut","City of Danbury (Fairfield County)","43704","7","Assigned Polling Place","No","Hand marked paper ballots and BMDs","Optical Scan",
"0900118850","Connecticut","Town of Darien (Fairfield County)","15016","6","Assigned Polling Place","No","Hand marked paper ballots and BMDs","Optical Scan",
"0900126620","Connecticut","Town of Fairfield (Fairfield County)","40468","10","Assigned Polling Place","No","Hand marked paper ballots and BMDs","Optical Scan",
"0900133620","Connecticut","Town of Greenwich (Fairfield County)","41436","12","Assigned Polling Place","No","Hand marked paper ballots and BMDs","Optical Scan",
"0900150580","Connecticut","Town of New Canaan (Fairfield County)","14035","3","Assigned Polling Place","No","Hand marked paper ballots and BMDs","Optical Scan",
"0900150860","Connecticut","Town of New Fairfield (Fairfield County)","9598","2","Assigned Polling Place","No","Hand marked paper ballots and BMDs","Optical Scan",
"0900152980","Connecticut","Town of Newtown (Fairfield County)","19551","6","Assigned Polling Place","No","Hand marked paper ballots and BMDs","Optical Scan",
"0900156060","Connecticut","City of Norwalk (Fairfield County)","55015","13","Assigned Polling Place","No","Hand marked paper ballots and BMDs","Optical Scan",
"0900163480","Connecticut","Town of Redding (Fairfield County)","6487","2","Assigned Polling Place","No","Hand marked paper ballots and BMDs","Optical Scan",
"0900163970","Connecticut","Town of Ridgefield (Fairfield County)","18107","4","Assigned Polling Place","No","Hand marked paper ballots and BMDs","Optical Scan",
"0900168170","Connecticut","City of Shelton (Fairfield County)","28628","5","Assigned Polling Place","No","Hand marked paper ballots and BMDs","Optical Scan",
"0900168310","Connecticut","Town of Sherman (Fairfield County)","2748","1","Assigned Polling Place","No","Hand marked paper ballots and BMDs","Optical Scan",
"0900173070","Connecticut","City of Stamford (Fairfield County)","74230","22","Assigned Polling Place","No","Hand marked paper ballots and BMDs","Optical Scan",
"0900174190","Connecticut","Town of Stratford (Fairfield County)","35008","13","Assigned Polling Place","No","Hand marked paper ballots and BMDs","Optical Scan",
"0900177200","Connecticut","Town of Trumbull (Fairfield County)","24583","5","Assigned Polling Place","No","Hand marked paper ballots and BMDs","Optical Scan",
"0900183430","Connecticut","Town of Weston (Fairfield County)","7252","2","Assigned Polling Place","No","Hand marked paper ballots and BMDs","Optical Scan",
"0900183500","Connecticut","Town of Westport (Fairfield County)","19448","7","Assigned Polling Place","No","Hand marked paper ballots and BMDs","Optical Scan",
"0900186370","Connecticut","Town of Wilton (Fairfield County)","12656","3","Assigned Polling Place","No","Hand marked paper ballots and BMDs","Optical Scan",
"0900302060","Connecticut","Town of Avon (Hartford County)","14089","3","Assigned Polling Place","No","Hand marked paper ballots and BMDs","Optical Scan",
"0900310100","Connecticut","Town of Burlington (Hartford County)","6854","1","Assigned Polling Place","No","Hand marked paper ballots and BMDs","Optical Scan",
"0900324800","Connecticut","Town of East Windsor (Hartford County)","8817","3","Assigned Polling Place","No","Hand marked paper ballots and BMDs","Optical Scan",
"0900325990","Connecticut","Town of Enfield (Hartford County)","25898","7","Assigned Polling Place","No","Hand marked paper ballots and BMDs","Optical Scan",
"0900374540","Connecticut","Town of Suffield (Hartford County)","9896","1","Assigned Polling Place","No","Hand marked paper ballots and BMDs","Optical Scan",
"0900304300","Connecticut","Town of Berlin (Hartford County)","15516","5","Assigned Polling Place","No","Hand marked paper ballots and BMDs","Optical Scan",
"0900305910","Connecticut","Town of Bloomfield (Hartford County)","15874","5","Assigned Polling Place","No","Hand marked paper ballots and BMDs","Optical Scan",
"0900308490","Connecticut","City of Bristol (Hartford County)","37612","9","Assigned Polling Place","No","Hand marked paper ballots and BMDs","Optical Scan",
"0900312270","Connecticut","Town of Canton (Hartford County)","7902","1","Assigned Polling Place","No","Hand marked paper ballots and BMDs","Optical Scan",
"0900322070","Connecticut","Town of East Granby (Hartford County)","3723","1","Assigned Polling Place","No","Hand marked paper ballots and BMDs","Optical Scan",
"0900322630","Connecticut","Town of East Hartford (Hartford County)","30207","7","Assigned Polling Place","No","Hand marked paper ballots and BMDs","Optical Scan",
"0900327600","Connecticut","Town of Farmington (Hartford County)","20124","7","Assigned Polling Place","No","Hand marked paper ballots and BMDs","Optical Scan",
"0900331240","Connecticut","Town of Glastonbury (Hartford County)","25619","7","Assigned Polling Place","No","Hand marked paper ballots and BMDs","Optical Scan",
"0900332640","Connecticut","Town of Granby (Hartford County)","8339","1","Assigned Polling Place","No","Hand marked paper ballots and BMDs","Optical Scan",
"0900337070","Connecticut","City of Hartford (Hartford County)","61105","24","Assigned Polling Place","No","Hand marked paper ballots and BMDs","Optical Scan",
"0900337140","Connecticut","Town of Hartland (Hartford County)","1499","1","Assigned Polling Place","No","Hand marked paper ballots and BMDs","Optical Scan",
"0900344700","Connecticut","Town of Manchester (Hartford County)","34238","8","Assigned Polling Place","No","Hand marked paper ballots and BMDs","Optical Scan",
"0900345820","Connecticut","Town of Marlborough (Hartford County)","4586","1","Assigned Polling Place","No","Hand marked paper ballots and BMDs","Optical Scan",
"0900350440","Connecticut","City of New Britain (Hartford County)","34175","17","Assigned Polling Place","No","Hand marked paper ballots and BMDs","Optical Scan",
"0900352140","Connecticut","Town of Newington (Hartford County)","21050","8","Assigned Polling Place","No","Hand marked paper ballots and BMDs","Optical Scan",
"0900360120","Connecticut","Town of Plainville (Hartford County)","12194","4","Assigned Polling Place","No","Hand marked paper ballots and BMDs","Optical Scan",
"0900365370","Connecticut","Town of Rocky Hill (Hartford County)","13313","3","Assigned Polling Place","No","Hand marked paper ballots and BMDs","Optical Scan",
"0900368940","Connecticut","Town of Simsbury (Hartford County)","19319","4","Assigned Polling Place","No","Hand marked paper ballots and BMDs","Optical Scan",
"0900371390","Connecticut","Town of South Windsor (Hartford County)","17370","5","Assigned Polling Place","No","Hand marked paper ballots and BMDs","Optical Scan",
"0900370550","Connecticut","Town of Southington (Hartford County)","32005","11","Assigned Polling Place","No","Hand marked paper ballots and BMDs","Optical Scan",
"0900382590","Connecticut","Town of West Hartford (Hartford County)","41798","9","Assigned Polling Place","No","Hand marked paper ballots and BMDs","Optical Scan",
"0900384900","Connecticut","Town of Wethersfield (Hartford County)","19376","6","Assigned Polling Place","No","Hand marked paper ballots and BMDs","Optical Scan",
"0900387000","Connecticut","Town of Windsor (Hartford County)","22353","2","Assigned Polling Place","No","Hand marked paper ballots and BMDs","Optical Scan",
"0900387070","Connecticut","Town of Windsor Locks (Hartford County)","11597","7","Assigned Polling Place","No","Hand marked paper ballots and BMDs","Optical Scan",
"0900549460","Connecticut","Town of Morris (Litchfield County)","1787","1","Assigned Polling Place","No","Hand marked paper ballots and BMDs","Optical Scan",
"0900551350","Connecticut","Town of New Hartford (Litchfield County)","5071","2","Assigned Polling Place","No","Hand marked paper ballots and BMDs","Optical Scan",
"0900554030","Connecticut","Town of North Canaan (Litchfield County)","2421","1","Assigned Polling Place","No","Hand marked paper ballots and BMDs","Optical Scan",
"0900586440","Connecticut","Town of Winchester (Litchfield County)","6711","1","Assigned Polling Place","No","Hand marked paper ballots and BMDs","Optical Scan",
"0900587910","Connecticut","Town of Woodbury (Litchfield County)","7345","2","Assigned Polling Place","No","Hand marked paper ballots and BMDs","Optical Scan",
"0900502760","Connecticut","Town of Barkhamsted (Litchfield County)","2857","1","Assigned Polling Place","No","Hand marked paper ballots and BMDs","Optical Scan",
"0900504930","Connecticut","Town of Bethlehem (Litchfield County)","2693","1","Assigned Polling Place","No","Hand marked paper ballots and BMDs","Optical Scan",
"0900508210","Connecticut","Town of Bridgewater (Litchfield County)","1421","1","Assigned Polling Place","No","Hand marked paper ballots and BMDs","Optical Scan",
"0900510940","Connecticut","Town of Canaan (Litchfield County)","739","1","Assigned Polling Place","No","Hand marked paper ballots and BMDs","Optical Scan",
"0900516050","Connecticut","Town of Colebrook (Litchfield County)","1121","1","Assigned Polling Place","No","Hand marked paper ballots and BMDs","Optical Scan",
"0900517240","Connecticut","Town of Cornwall (Litchfield County)","1176","1","Assigned Polling Place","No","Hand marked paper ballots and BMDs","Optical Scan",
"0900532290","Connecticut","Town of Goshen (Litchfield County)","2336","2","Assigned Polling Place","No","Hand marked paper ballots and BMDs","Optical Scan",
"0900537280","Connecticut","Town of Harwinton (Litchfield County)","4393","2","Assigned Polling Place","No","Hand marked paper ballots and BMDs","Optical Scan",
"0900540290","Connecticut","Town of Kent (Litchfield County)","2131","1","Assigned Polling Place","No","Hand marked paper ballots and BMDs","Optical Scan",
"0900543370","Connecticut","Town of Litchfield (Litchfield County)","6144","4","Assigned Polling Place","No","Hand marked paper ballots and BMDs","Optical Scan",
"0900552630","Connecticut","Town of New Milford (Litchfield County)","18004","7","Assigned Polling Place","No","Hand marked paper ballots and BMDs","Optical Scan",
"0900553470","Connecticut","Town of Norfolk (Litchfield County)","1127","1","Assigned Polling Place","No","Hand marked paper ballots and BMDs","Optical Scan",
"0900560750","Connecticut","Town of Plymouth (Litchfield County)","7730","1","Assigned Polling Place","No","Hand marked paper ballots and BMDs","Optical Scan",
"0900565930","Connecticut","Town of Roxbury (Litchfield County)","1734","1","Assigned Polling Place","No","Hand marked paper ballots and BMDs","Optical Scan",
"0900566420","Connecticut","Town of Salisbury (Litchfield County)","4942","1","Assigned Polling Place","No","Hand marked paper ballots and BMDs","Optical Scan",
"0900567960","Connecticut","Town of Sharon (Litchfield County)","1767","1","Assigned Polling Place","No","Hand marked paper ballots and BMDs","Optical Scan",
"0900575730","Connecticut","Town of Thomaston (Litchfield County)","5152","1","Assigned Polling Place","No","Hand marked paper ballots and BMDs","Optical Scan",
"0900576570","Connecticut","City of Torrington (Litchfield County)","20860","8","Assigned Polling Place","No","Hand marked paper ballots and BMDs","Optical Scan",
"0900579510","Connecticut","Town of Warren (Litchfield County)","1117","1","Assigned Polling Place","No","Hand marked paper ballots and BMDs","Optical Scan",
"0900579720","Connecticut","Town of Washington (Litchfield County)","2526","1","Assigned Polling Place","No","Hand marked paper ballots and BMDs","Optical Scan",
"0900580490","Connecticut","Town of Watertown (Litchfield County)","15190","4","Assigned Polling Place","No","Hand marked paper ballots and BMDs","Optical Scan",
"0900714300","Connecticut","Town of Chester (Middlesex County)","2870","1","Assigned Polling Place","No","Hand marked paper ballots and BMDs","Optical Scan",
"0900747080","Connecticut","Town of Middlefield (Middlesex County)","3493","1","Assigned Polling Place","No","Hand marked paper ballots and BMDs","Optical Scan",
"0900757320","Connecticut","Town of Old Saybrook (Middlesex County)","9080","2","Assigned Polling Place","No","Hand marked paper ballots and BMDs","Optical Scan",
"0900715350","Connecticut","Town of Clinton (Middlesex County)","10138","1","Assigned Polling Place","No","Hand marked paper ballots and BMDs","Optical Scan",
"0900718080","Connecticut","Town of Cromwell (Middlesex County)","11015","1","Assigned Polling Place","No","Hand marked paper ballots and BMDs","Optical Scan",
"0900719130","Connecticut","Town of Deep River (Middlesex County)","5948","1","Assigned Polling Place","No","Hand marked paper ballots and BMDs","Optical Scan",
"0900720810","Connecticut","Town of Durham (Middlesex County)","5445","3","Assigned Polling Place","No","Hand marked paper ballots and BMDs","Optical Scan",
"0900722280","Connecticut","Town of East Haddam (Middlesex County)","6686","1","Assigned Polling Place","No","Hand marked paper ballots and BMDs","Optical Scan",
"0900722490","Connecticut","Town of East Hampton (Middlesex County)","9224","1","Assigned Polling Place","No","Hand marked paper ballots and BMDs","Optical Scan",
"0900726270","Connecticut","Town of Essex (Middlesex County)","5391","1","Assigned Polling Place","No","Hand marked paper ballots and BMDs","Optical Scan",
"0900735230","Connecticut","Town of Haddam (Middlesex County)","6249","3","Assigned Polling Place","No","Hand marked paper ballots and BMDs","Optical Scan",
"0900740710","Connecticut","Town of Killingworth (Middlesex County)","4940","1","Assigned Polling Place","No","Hand marked paper ballots and BMDs","Optical Scan",
"0900747360","Connecticut","City of Middletown (Middlesex County)","27905","14","Assigned Polling Place","No","Hand marked paper ballots and BMDs","Optical Scan",
"0900761800","Connecticut","Town of Portland (Middlesex County)","6923","1","Assigned Polling Place","No","Hand marked paper ballots and BMDs","Optical Scan",
"0900781680","Connecticut","Town of Westbrook (Middlesex County)","4991","2","Assigned Polling Place","No","Hand marked paper ballots and BMDs","Optical Scan",
"0900904580","Connecticut","Town of Bethany (New Haven County)","4079","1","Assigned Polling Place","No","Hand marked paper ballots and BMDs","Optical Scan",
"0900919550","Connecticut","City of Derby (New Haven County)","6782","4","Assigned Polling Place","No","Hand marked paper ballots and BMDs","Optical Scan",
"0900958300","Connecticut","Town of Oxford (New Haven County)","9617","1","Assigned Polling Place","No","Hand marked paper ballots and BMDs","Optical Scan",
"0900901220","Connecticut","City of Ansonia (New Haven County)","10822","7","Assigned Polling Place","No","Hand marked paper ballots and BMDs","Optical Scan",
"0900903250","Connecticut","Town of Beacon Falls (New Haven County)","4425","1","Assigned Polling Place","No","Hand marked paper ballots and BMDs","Optical Scan",
"0900907310","Connecticut","Town of Branford (New Haven County)","21594","7","Assigned Polling Place","No","Hand marked paper ballots and BMDs","Optical Scan",
"0900914160","Connecticut","Town of Cheshire (New Haven County)","19348","8","Assigned Polling Place","No","Hand marked paper ballots and BMDs","Optical Scan",
"0900922910","Connecticut","Town of East Haven (New Haven County)","16889","8","Assigned Polling Place","No","Hand marked paper ballots and BMDs","Optical Scan",
"0900934950","Connecticut","Town of Guilford (New Haven County)","16412","5","Assigned Polling Place","No","Hand marked paper ballots and BMDs","Optical Scan",
"0900935650","Connecticut","Town of Hamden (New Haven County)","35122","13","Assigned Polling Place","No","Hand marked paper ballots and BMDs","Optical Scan",
"0900944560","Connecticut","Town of Madison (New Haven County)","14036","2","Assigned Polling Place","No","Hand marked paper ballots and BMDs","Optical Scan",
"0900946520","Connecticut","City of Meriden (New Haven County)","31034","13","Assigned Polling Place","No","Hand marked paper ballots and BMDs","Optical Scan",
"0900946940","Connecticut","Town of Middlebury (New Haven County)","6237","2","Assigned Polling Place","No","Hand marked paper ballots and BMDs","Optical Scan",
"0900947535","Connecticut","City of Milford (New Haven County)","38506","9","Assigned Polling Place","No","Hand marked paper ballots and BMDs","Optical Scan",
"0900949950","Connecticut","Town of Naugatuck (New Haven County)","20058","9","Assigned Polling Place","No","Hand marked paper ballots and BMDs","Optical Scan",
"0900952070","Connecticut","City of New Haven (New Haven County)","55074","40","Assigned Polling Place","No","Hand marked paper ballots and BMDs","Optical Scan",
"0900953890","Connecticut","Town of North Branford (New Haven County)","9523","2","Assigned Polling Place","No","Hand marked paper ballots and BMDs","Optical Scan",
"0900954870","Connecticut","Town of North Haven (New Haven County)","18216","5","Assigned Polling Place","No","Hand marked paper ballots and BMDs","Optical Scan",
"0900957600","Connecticut","Town of Orange (New Haven County)","10956","3","Assigned Polling Place","No","Hand marked paper ballots and BMDs","Optical Scan",
"0900962290","Connecticut","Town of Prospect (New Haven County)","6915","2","Assigned Polling Place","No","Hand marked paper ballots and BMDs","Optical Scan",
"0900967610","Connecticut","Town of Seymour (New Haven County)","11277","3","Assigned Polling Place","No","Hand marked paper ballots and BMDs","Optical Scan",
"0900969640","Connecticut","Town of Southbury (New Haven County)","14707","3","Assigned Polling Place","No","Hand marked paper ballots and BMDs","Optical Scan",
"0900978740","Connecticut","Town of Wallingford (New Haven County)","28777","10","Assigned Polling Place","No","Hand marked paper ballots and BMDs","Optical Scan",
"0900980070","Connecticut","City of Waterbury (New Haven County)","54413","21","Assigned Polling Place","No","Hand marked paper ballots and BMDs","Optical Scan",
"0900982870","Connecticut","City of West Haven (New Haven County)","28031","10","Assigned Polling Place","No","Hand marked paper ballots and BMDs","Optical Scan",
"0900987560","Connecticut","Town of Wolcott (New Haven County)","11336","3","Assigned Polling Place","No","Hand marked paper ballots and BMDs","Optical Scan",
"0900987700","Connecticut","Town of Woodbridge (New Haven County)","6554","2","Assigned Polling Place","No","Hand marked paper ballots and BMDs","Optical Scan",
"0901106820","Connecticut","Town of Bozrah (New London County)","1910","1","Assigned Polling Place","No","Hand marked paper ballots and BMDs","Optical Scan",
"0901123400","Connecticut","Town of East Lyme (New London County)","13647","3","Assigned Polling Place","No","Hand marked paper ballots and BMDs","Optical Scan",
"0901133900","Connecticut","Town of Griswold (New London County)","8003","2","Assigned Polling Place","No","Hand marked paper ballots and BMDs","Optical Scan",
"0901144210","Connecticut","Town of Lyme (New London County)","1931","1","Assigned Polling Place","No","Hand marked paper ballots and BMDs","Optical Scan",
"0901162150","Connecticut","Town of Preston (New London County)","3293","2","Assigned Polling Place","No","Hand marked paper ballots and BMDs","Optical Scan",
"0901171670","Connecticut","Town of Sprague (New London County)","1975","1","Assigned Polling Place","No","Hand marked paper ballots and BMDs","Optical Scan",
"0901115910","Connecticut","Town of Colchester (New London County)","11470","4","Assigned Polling Place","No","Hand marked paper ballots and BMDs","Optical Scan",
"0901129910","Connecticut","Town of Franklin (New London County)","1420","1","Assigned Polling Place","No","Hand marked paper ballots and BMDs","Optical Scan",
"0901134250","Connecticut","Town of Groton (New London County)","22351","7","Assigned Polling Place","No","Hand marked paper ballots and BMDs","Optical Scan",
"0901142390","Connecticut","Town of Lebanon (New London County)","5155","1","Assigned Polling Place","No","Hand marked paper ballots and BMDs","Optical Scan",
"0901142600","Connecticut","Town of Ledyard (New London County)","9830","3","Assigned Polling Place","No","Hand marked paper ballots and BMDs","Optical Scan",
"0901143230","Connecticut","Town of Lisbon (New London County)","2895","2","Assigned Polling Place","No","Hand marked paper ballots and BMDs","Optical Scan",
"0901148900","Connecticut","Town of Montville (New London County)","11514","6","Assigned Polling Place","No","Hand marked paper ballots and BMDs","Optical Scan",
"0901152350","Connecticut","City of New London (New London County)","15850","3","Assigned Polling Place","No","Hand marked paper ballots and BMDs","Optical Scan",
"0901155500","Connecticut","Town of North Stonington (New London County)","4205","1","Assigned Polling Place","No","Hand marked paper ballots and BMDs","Optical Scan",
"0901156270","Connecticut","City of Norwich (New London County)","20834","6","Assigned Polling Place","No","Hand marked paper ballots and BMDs","Optical Scan",
"0901157040","Connecticut","Town of Old Lyme (New London County)","5951","1","Assigned Polling Place","No","Hand marked paper ballots and BMDs","Optical Scan",
"0901166210","Connecticut","Town of Salem (New London County)","3017","1","Assigned Polling Place","No","Hand marked paper ballots and BMDs","Optical Scan",
"0901173770","Connecticut","Town of Stonington (New London County)","14909","5","Assigned Polling Place","No","Hand marked paper ballots and BMDs","Optical Scan",
"0901178600","Connecticut","Town of Voluntown (New London County)","1806","1","Assigned Polling Place","No","Hand marked paper ballots and BMDs","Optical Scan",
"0901180280","Connecticut","Town of Waterford (New London County)","14502","4","Assigned Polling Place","No","Hand marked paper ballots and BMDs","Optical Scan",
"0901316400","Connecticut","Town of Columbia (Tolland County)","4093","1","Assigned Polling Place","No","Hand marked paper ballots and BMDs","Optical Scan",
"0901344910","Connecticut","Town of Mansfield (Tolland County)","8570","4","Assigned Polling Place","No","Hand marked paper ballots and BMDs","Optical Scan",
"0901372090","Connecticut","Town of Stafford (Tolland County)","7592","3","Assigned Polling Place","No","Hand marked paper ballots and BMDs","Optical Scan",
"0901385950","Connecticut","Town of Willington (Tolland County)","3549","1","Assigned Polling Place","No","Hand marked paper ballots and BMDs","Optical Scan",
"0901301080","Connecticut","Town of Andover (Tolland County)","2332","1","Assigned Polling Place","No","Hand marked paper ballots and BMDs","Optical Scan",
"0901306260","Connecticut","Town of Bolton (Tolland County)","3642","1","Assigned Polling Place","No","Hand marked paper ballots and BMDs","Optical Scan",
"0901317800","Connecticut","Town of Coventry (Tolland County)","9079","2","Assigned Polling Place","No","Hand marked paper ballots and BMDs","Optical Scan",
"0901325360","Connecticut","Town of Ellington (Tolland County)","11288","2","Assigned Polling Place","No","Hand marked paper ballots and BMDs","Optical Scan",
"0901337910","Connecticut","Town of Hebron (Tolland County)","7517","1","Assigned Polling Place","No","Hand marked paper ballots and BMDs","Optical Scan",
"0901369220","Connecticut","Town of Somers (Tolland County)","6269","1","Assigned Polling Place","No","Hand marked paper ballots and BMDs","Optical Scan",
"0901376290","Connecticut","Town of Tolland (Tolland County)","10716","3","Assigned Polling Place","No","Hand marked paper ballots and BMDs","Optical Scan",
"0901377830","Connecticut","Town of Union (Tolland County)","645","1","Assigned Polling Place","No","Hand marked paper ballots and BMDs","Optical Scan",
"0901378250","Connecticut","Town of Vernon (Tolland County)","18598","4","Assigned Polling Place","No","Hand marked paper ballots and BMDs","Optical Scan",
"0901540500","Connecticut","Town of Killingly (Windham County)","10407","7","Assigned Polling Place","No","Hand marked paper ballots and BMDs","Optical Scan",
"0901501430","Connecticut","Town of Ashford (Windham County)","2867","1","Assigned Polling Place","No","Hand marked paper ballots and BMDs","Optical Scan",
"0901509190","Connecticut","Town of Brooklyn (Windham County)","5411","1","Assigned Polling Place","No","Hand marked paper ballots and BMDs","Optical Scan",
"0901512130","Connecticut","Town of Canterbury (Windham County)","3759","1","Assigned Polling Place","No","Hand marked paper ballots and BMDs","Optical Scan",
"0901513810","Connecticut","Town of Chaplin (Windham County)","1554","1","Assigned Polling Place","No","Hand marked paper ballots and BMDs","Optical Scan",
"0901521860","Connecticut","Town of Eastford (Windham County)","1282","1","Assigned Polling Place","No","Hand marked paper ballots and BMDs","Optical Scan",
"0901536000","Connecticut","Town of Hampton (Windham County)","1304","1","Assigned Polling Place","No","Hand marked paper ballots and BMDs","Optical Scan",
"0901559980","Connecticut","Town of Plainfield (Windham County)","10410","5","Assigned Polling Place","No","Hand marked paper ballots and BMDs","Optical Scan",
"0901561030","Connecticut","Town of Pomfret (Windham County)","2928","1","Assigned Polling Place","No","Hand marked paper ballots and BMDs","Optical Scan",
"0901562710","Connecticut","Town of Putnam (Windham County)","6041","2","Assigned Polling Place","No","Hand marked paper ballots and BMDs","Optical Scan",
"0901567400","Connecticut","Town of Scotland (Windham County)","1214","1","Assigned Polling Place","No","Hand marked paper ballots and BMDs","Optical Scan",
"0901573420","Connecticut","Town of Sterling (Windham County)","2303","1","Assigned Polling Place","No","Hand marked paper ballots and BMDs","Optical Scan",
"0901575870","Connecticut","Town of Thompson (Windham County)","6487","4","Assigned Polling Place","No","Hand marked paper ballots and BMDs","Optical Scan",
"0901586790","Connecticut","Town of Windham (Windham County)","8897","5","Assigned Polling Place","No","Hand marked paper ballots and BMDs","Optical Scan",
"0901588190","Connecticut","Town of Woodstock (Windham County)","6402","1","Assigned Polling Place","No","Hand marked paper ballots and BMDs","Optical Scan",
"1000100000","Delaware","Kent County","124288","98","Assigned Polling Place","No","Ballot Marking Devices for all voters","BMD/Tabulator",
"1000300000","Delaware","New Castle County","392714","312","Assigned Polling Place","No","Ballot Marking Devices for all voters","BMD/Tabulator",
"1000500000","Delaware","Sussex County","185027","102","Assigned Polling Place","No","Ballot Marking Devices for all voters","BMD/Tabulator",
"1100000000","District of Columbia","District of Columbia","508855","144","Assigned Polling Place","No","Hand marked paper ballots and BMDs","Optical Scan",
"1200100000","Florida","Alachua County","182676","64","Assigned Polling Place","No","Hand marked paper ballots and BMDs","Optical Scan",
"1200300000","Florida","Baker County","17636","9","Assigned Polling Place","No","Hand marked paper ballots and BMDs","Optical Scan",
"1200500000","Florida","Bay County","124338","27","Assigned Polling Place","No","Hand marked paper ballots and BMDs","Optical Scan",
"1200700000","Florida","Bradford County","17986","14","Assigned Polling Place","No","Hand marked paper ballots and BMDs","Optical Scan",
"1200900000","Florida","Brevard County","460372","171","Assigned Polling Place","No","Hand marked paper ballots and BMDs","Optical Scan",
"1201100000","Florida","Broward County","1251467","355","Assigned Polling Place","No","Hand marked paper ballots and BMDs","Optical Scan",
"1201300000","Florida","Calhoun County","8256","11","Assigned Polling Place","No","Hand marked paper ballots and BMDs","Optical Scan",
"1201500000","Florida","Charlotte County","152964","92","Assigned Polling Place","No","Hand marked paper ballots and BMDs","Optical Scan",
"1201700000","Florida","Citrus County","122182","31","Assigned Polling Place","No","Hand marked paper ballots and BMDs","Optical Scan",
"1201900000","Florida","Clay County","163744","48","Assigned Polling Place","No","Hand marked paper ballots and BMDs","Optical Scan",
"1202100000","Florida","Collier County","253830","66","Assigned Polling Place","No","Hand marked paper ballots and BMDs","Optical Scan",
"1202300000","Florida","Columbia County","42683","29","Assigned Polling Place","No","Hand marked paper ballots and BMDs","Optical Scan",
"1202700000","Florida","DeSoto County","16035","15","Assigned Polling Place","No","Hand marked paper ballots and BMDs","Optical Scan",
"1202900000","Florida","Dixie County","10629","10","Assigned Polling Place","No","Hand marked paper ballots and BMDs","Optical Scan",
"1203100000","Florida","Duval County","656243","186","Assigned Polling Place","No","Hand marked paper ballots and BMDs","Optical Scan",
"1203300000","Florida","Escambia County","224392","79","Assigned Polling Place","No","Hand marked paper ballots and BMDs","Optical Scan",
"1203500000","Florida","Flagler County","96224","21","Assigned Polling Place","No","Hand marked paper ballots and BMDs","Optical Scan",
"1203700000","Florida","Franklin County","7977","8","Assigned Polling Place","No","Hand marked paper ballots and BMDs","Optical Scan",
"1203900000","Florida","Gadsden County","29712","25","Assigned Polling Place","No","Hand marked paper ballots and BMDs","Optical Scan",
"1204100000","Florida","Gilchrist County","12107","10","Assigned Polling Place","No","Hand marked paper ballots and BMDs","Optical Scan",
"1204300000","Florida","Glades County","6814","13","Assigned Polling Place","No","Hand marked paper ballots and BMDs","Optical Scan",
"1204500000","Florida","Gulf County","10464","10","Assigned Polling Place","No","Hand marked paper ballots and BMDs","Optical Scan",
"1204700000","Florida","Hamilton County","7846","8","Assigned Polling Place","No","Hand marked paper ballots and BMDs","Optical Scan",
"1204900000","Florida","Hardee County","13363","12","Assigned Polling Place","No","Hand marked paper ballots and BMDs","Optical Scan",
"1205100000","Florida","Hendry County","19674","10","Assigned Polling Place","No","Hand marked paper ballots and BMDs","Optical Scan",
"1205300000","Florida","Hernando County","148486","32","Assigned Polling Place","No","Hand marked paper ballots and BMDs","Optical Scan",
"1205500000","Florida","Highlands County","69132","25","Assigned Polling Place","No","Hand marked paper ballots and BMDs","Optical Scan",
"1205700000","Florida","Hillsborough County","924461","448","Assigned Polling Place","No","Hand marked paper ballots and BMDs","Optical Scan",
"1205900000","Florida","Holmes County","11468","8","Assigned Polling Place","No","Hand marked paper ballots and BMDs","Optical Scan",
"1206100000","Florida","Indian River County","119433","34","Assigned Polling Place","No","Hand marked paper ballots and BMDs","Optical Scan",
"1206300000","Florida","Jackson County","28745","91","Assigned Polling Place","No","Hand marked paper ballots and BMDs","Optical Scan",
"1206500000","Florida","Jefferson County","9643","16","Assigned Polling Place","No","Hand marked paper ballots and BMDs","Optical Scan",
"1206700000","Florida","Lafayette County","4559","5","Assigned Polling Place","No","Hand marked paper ballots and BMDs","Optical Scan",
"1206900000","Florida","Lake County","276102","91","Assigned Polling Place","No","Hand marked paper ballots and BMDs","Optical Scan",
"1207100000","Florida","Lee County","518031","99","Assigned Polling Place","No","Hand marked paper ballots and BMDs","Optical Scan",
"1207300000","Florida","Leon County","204444","135","Assigned Polling Place","No","Hand marked paper ballots and BMDs","Optical Scan",
"1207500000","Florida","Levy County","31042","13","Assigned Polling Place","No","Hand marked paper ballots and BMDs","Optical Scan",
"1207700000","Florida","Liberty County","4307","8","Assigned Polling Place","No","Hand marked paper ballots and BMDs","Optical Scan",
"1207900000","Florida","Madison County","12213","11","Assigned Polling Place","No","Hand marked paper ballots and BMDs","Optical Scan",
"1208100000","Florida","Manatee County","280980","71","Assigned Polling Place","No","Hand marked paper ballots and BMDs","Optical Scan",
"1208300000","Florida","Marion County","271372","105","Assigned Polling Place","No","Hand marked paper ballots and BMDs","Optical Scan",
"1208500000","Florida","Martin County","119066","27","Assigned Polling Place","No","Hand marked paper ballots and BMDs","Optical Scan",
"1208600000","Florida","Miami-Dade County","1529439","1048","Assigned Polling Place","No","Hand marked paper ballots and BMDs","Optical Scan",
"1208700000","Florida","Monroe County","55183","33","Assigned Polling Place","No","Hand marked paper ballots and BMDs","Optical Scan",
"1208900000","Florida","Nassau County","75750","18","Assigned Polling Place","No","Hand marked paper ballots and BMDs","Optical Scan",
"1209100000","Florida","Okaloosa County","144013","52","Assigned Polling Place","No","Hand marked paper ballots and BMDs","Optical Scan",
"1209300000","Florida","Okeechobee County","22757","11","Assigned Polling Place","No","Hand marked paper ballots and BMDs","Optical Scan",
"1209500000","Florida","Orange County","870296","241","Assigned Polling Place","No","Hand marked paper ballots and BMDs","Optical Scan",
"1209700000","Florida","Osceola County","254867","125","Assigned Polling Place","No","Hand marked paper ballots and BMDs","Optical Scan",
"1209900000","Florida","Palm Beach County","1002242","795","Assigned Polling Place","No","Hand marked paper ballots and BMDs","Optical Scan",
"1210100000","Florida","Pasco County","412197","120","Assigned Polling Place","No","Hand marked paper ballots and BMDs","Optical Scan",
"1210300000","Florida","Pinellas County","695797","286","Assigned Polling Place","No","Hand marked paper ballots and BMDs","Optical Scan",
"1210500000","Florida","Polk County","463894","172","Assigned Polling Place","No","Hand marked paper ballots and BMDs","Optical Scan",
"1210700000","Florida","Putnam County","50553","37","Assigned Polling Place","No","Hand marked paper ballots and BMDs","Optical Scan",
"1211300000","Florida","Santa Rosa County","145720","41","Assigned Polling Place","No","Hand marked paper ballots and BMDs","Optical Scan",
"1211500000","Florida","Sarasota County","353219","99","Assigned Polling Place","No","Hand marked paper ballots and BMDs","Optical Scan",
"1211700000","Florida","Seminole County","341548","82","Assigned Polling Place","No","Hand marked paper ballots and BMDs","Optical Scan",
"1210900000","Florida","St. Johns County","223775","53","Assigned Polling Place","No","Hand marked paper ballots and BMDs","Optical Scan",
"1211100000","Florida","St. Lucie County","238645","60","Assigned Polling Place","No","Hand marked paper ballots and BMDs","Optical Scan",
"1211900000","Florida","Sumter County","111873","30","Assigned Polling Place","No","Hand marked paper ballots and BMDs","Optical Scan",
"1212100000","Florida","Suwannee County","28830","16","Assigned Polling Place","No","Hand marked paper ballots and BMDs","Optical Scan",
"1212300000","Florida","Taylor County","12916","14","Assigned Polling Place","No","Hand marked paper ballots and BMDs","Optical Scan",
"1212500000","Florida","Union County","7607","6","Assigned Polling Place","No","Hand marked paper ballots and BMDs","Optical Scan",
"1212700000","Florida","Volusia County","412593","136","Assigned Polling Place","No","Hand marked paper ballots and BMDs","Optical Scan",
"1212900000","Florida","Wakulla County","23620","12","Assigned Polling Place","No","Hand marked paper ballots and BMDs","Optical Scan",
"1213100000","Florida","Walton County","60674","21","Assigned Polling Place","No","Hand marked paper ballots and BMDs","Optical Scan",
"1213300000","Florida","Washington County","16015","12","Assigned Polling Place","No","Hand marked paper ballots and BMDs","Optical Scan",
"1300100000","Georgia","Appling County","11281","8","Assigned Polling Place","No","Ballot Marking Devices for all voters","Optical Scan",
"1300300000","Georgia","Atkinson County","4474","4","Assigned Polling Place","No","Ballot Marking Devices for all voters","Optical Scan",
"1300500000","Georgia","Bacon County","6344","1","Assigned Polling Place","No","Ballot Marking Devices for all voters","Optical Scan",
"1300700000","Georgia","Baker County","2100","5","Assigned Polling Place","No","Ballot Marking Devices for all voters","Optical Scan",
"1300900000","Georgia","Baldwin County","25935","14","Assigned Polling Place","No","Ballot Marking Devices for all voters","Optical Scan",
"1301100000","Georgia","Banks County","13328","13","Assigned Polling Place","No","Ballot Marking Devices for all voters","Optical Scan",
"1301300000","Georgia","Barrow County","55381","8","Assigned Polling Place","No","Ballot Marking Devices for all voters","Optical Scan",
"1301500000","Georgia","Bartow County","74896","17","Assigned Polling Place","No","Ballot Marking Devices for all voters","Optical Scan",
"1301700000","Georgia","Ben Hill County","9417","1","Assigned Polling Place","No","Ballot Marking Devices for all voters","Optical Scan",
"1301900000","Georgia","Berrien County","10831","5","Assigned Polling Place","No","Ballot Marking Devices for all voters","Optical Scan",
"1302100000","Georgia","Bibb County","105171","31","Assigned Polling Place","No","Ballot Marking Devices for all voters","Optical Scan",
"1302300000","Georgia","Bleckley County","7649","1","Assigned Polling Place","No","Ballot Marking Devices for all voters","Optical Scan",
"1302500000","Georgia","Brantley County","10947","3","Assigned Polling Place","No","Ballot Marking Devices for all voters","Optical Scan",
"1302700000","Georgia","Brooks County","10623","7","Assigned Polling Place","No","Ballot Marking Devices for all voters","Optical Scan",
"1302900000","Georgia","Bryan County","30687","10","Assigned Polling Place","No","Ballot Marking Devices for all voters","Optical Scan",
"1303100000","Georgia","Bulloch County","44833","16","Assigned Polling Place","No","Ballot Marking Devices for all voters","Optical Scan",
"1303300000","Georgia","Burke County","15989","16","Assigned Polling Place","No","Ballot Marking Devices for all voters","Optical Scan",
"1303500000","Georgia","Butts County","16912","5","Assigned Polling Place","No","Ballot Marking Devices for all voters","Optical Scan",
"1303700000","Georgia","Calhoun County","2859","5","Assigned Polling Place","No","Ballot Marking Devices for all voters","Optical Scan",
"1303900000","Georgia","Camden County","35210","14","Assigned Polling Place","No","Ballot Marking Devices for all voters","Optical Scan",
"1304300000","Georgia","Candler County","6424","1","Assigned Polling Place","No","Ballot Marking Devices for all voters","Optical Scan",
"1304500000","Georgia","Carroll County","83178","28","Assigned Polling Place","No","Ballot Marking Devices for all voters","Optical Scan",
"1304700000","Georgia","Catoosa County","44944","11","Assigned Polling Place","No","Ballot Marking Devices for all voters","Optical Scan",
"1304900000","Georgia","Charlton County","6159","6","Assigned Polling Place","No","Ballot Marking Devices for all voters","Optical Scan",
"1305100000","Georgia","Chatham County","198692","90","Assigned Polling Place","No","Ballot Marking Devices for all voters","Optical Scan",
"1305300000","Georgia","Chattahoochee County","3262","1","Assigned Polling Place","No","Ballot Marking Devices for all voters","Optical Scan",
"1305500000","Georgia","Chattooga County","14216","7","Assigned Polling Place","No","Ballot Marking Devices for all voters","Optical Scan",
"1305700000","Georgia","Cherokee County","191237","42","Assigned Polling Place","No","Ballot Marking Devices for all voters","Optical Scan",
"1305900000","Georgia","Clarke County","68601","24","Assigned Polling Place","No","Ballot Marking Devices for all voters","Optical Scan",
"1306100000","Georgia","Clay County","1973","5","Assigned Polling Place","No","Ballot Marking Devices for all voters","Optical Scan",
"1306300000","Georgia","Clayton County","178216","70","Assigned Polling Place","No","Ballot Marking Devices for all voters","Optical Scan",
"1306500000","Georgia","Clinch County","4133","5","Assigned Polling Place","No","Ballot Marking Devices for all voters","Optical Scan",
"1306700000","Georgia","Cobb County","507717","147","Assigned Polling Place","No","Ballot Marking Devices for all voters","Optical Scan",
"1306900000","Georgia","Coffee County","22270","6","Assigned Polling Place","No","Ballot Marking Devices for all voters","Optical Scan",
"1307100000","Georgia","Colquitt County","24695","19","Assigned Polling Place","No","Ballot Marking Devices for all voters","Optical Scan",
"1307300000","Georgia","Columbia County","103726","50","Assigned Polling Place","No","Ballot Marking Devices for all voters","Optical Scan",
"1307500000","Georgia","Cook County","10134","8","Assigned Polling Place","No","Ballot Marking Devices for all voters","Optical Scan",
"1307700000","Georgia","Coweta County","103967","25","Assigned Polling Place","No","Ballot Marking Devices for all voters","Optical Scan",
"1307900000","Georgia","Crawford County","8276","5","Assigned Polling Place","No","Ballot Marking Devices for all voters","Optical Scan",
"1308100000","Georgia","Crisp County","12470","5","Assigned Polling Place","No","Ballot Marking Devices for all voters","Optical Scan",
"1308300000","Georgia","Dade County","11043","7","Assigned Polling Place","No","Ballot Marking Devices for all voters","Optical Scan",
"1308500000","Georgia","Dawson County","22028","3","Assigned Polling Place","No","Ballot Marking Devices for all voters","Optical Scan",
"1308900000","Georgia","DeKalb County","507166","191","Assigned Polling Place","No","Ballot Marking Devices for all voters","Optical Scan",
"1308700000","Georgia","Decatur County","15656","10","Assigned Polling Place","No","Ballot Marking Devices for all voters","Optical Scan",
"1309100000","Georgia","Dodge County","11351","16","Assigned Polling Place","No","Ballot Marking Devices for all voters","Optical Scan",
"1309300000","Georgia","Dooly County","5814","5","Assigned Polling Place","No","Ballot Marking Devices for all voters","Optical Scan",
"1309500000","Georgia","Dougherty County","57720","26","Assigned Polling Place","No","Ballot Marking Devices for all voters","Optical Scan",
"1309700000","Georgia","Douglas County","95787","25","Assigned Polling Place","No","Ballot Marking Devices for all voters","Optical Scan",
"1309900000","Georgia","Early County","6800","5","Assigned Polling Place","No","Ballot Marking Devices for all voters","Optical Scan",
"1310100000","Georgia","Echols County","2060","1","Assigned Polling Place","No","Ballot Marking Devices for all voters","Optical Scan",
"1310300000","Georgia","Effingham County","43963","20","Assigned Polling Place","No","Ballot Marking Devices for all voters","Optical Scan",
"1310500000","Georgia","Elbert County","12225","11","Assigned Polling Place","No","Ballot Marking Devices for all voters","Optical Scan",
"1310700000","Georgia","Emanuel County","13723","11","Assigned Polling Place","No","Ballot Marking Devices for all voters","Optical Scan",
"1310900000","Georgia","Evans County","6109","1","Assigned Polling Place","No","Ballot Marking Devices for all voters","Optical Scan",
"1311100000","Georgia","Fannin County","20103","12","Assigned Polling Place","No","Ballot Marking Devices for all voters","Optical Scan",
"1311300000","Georgia","Fayette County","87620","36","Assigned Polling Place","No","Ballot Marking Devices for all voters","Optical Scan",
"1311500000","Georgia","Floyd County","59962","25","Assigned Polling Place","No","Ballot Marking Devices for all voters","Optical Scan",
"1311700000","Georgia","Forsyth County","161916","28","Assigned Polling Place","No","Ballot Marking Devices for all voters","Optical Scan",
"1311900000","Georgia","Franklin County","15096","7","Assigned Polling Place","No","Ballot Marking Devices for all voters","Optical Scan",
"1312100000","Georgia","Fulton County","752021","431","Assigned Polling Place","No","Ballot Marking Devices for all voters","Optical Scan",
"1312300000","Georgia","Gilmer County","22454","13","Assigned Polling Place","No","Ballot Marking Devices for all voters","Optical Scan",
"1312500000","Georgia","Glascock County","1997","4","Assigned Polling Place","No","Ballot Marking Devices for all voters","Optical Scan",
"1312700000","Georgia","Glynn County","58583","19","Assigned Polling Place","No","Ballot Marking Devices for all voters","Optical Scan",
"1312900000","Georgia","Gordon County","36735","12","Assigned Polling Place","No","Ballot Marking Devices for all voters","Optical Scan",
"1313100000","Georgia","Grady County","14683","13","Assigned Polling Place","No","Ballot Marking Devices for all voters","Optical Scan",
"1313300000","Georgia","Greene County","14760","5","Assigned Polling Place","No","Ballot Marking Devices for all voters","Optical Scan",
"1313500000","Georgia","Gwinnett County","557468","156","Assigned Polling Place","No","Ballot Marking Devices for all voters","Optical Scan",
"1313700000","Georgia","Habersham County","28294","6","Assigned Polling Place","No","Ballot Marking Devices for all voters","Optical Scan",
"1313900000","Georgia","Hall County","132088","31","Assigned Polling Place","No","Ballot Marking Devices for all voters","Optical Scan",
"1314100000","Georgia","Hancock County","5736","10","Assigned Polling Place","No","Ballot Marking Devices for all voters","Optical Scan",
"1314300000","Georgia","Haralson County","20978","12","Assigned Polling Place","No","Ballot Marking Devices for all voters","Optical Scan",
"1314500000","Georgia","Harris County","25928","12","Assigned Polling Place","No","Ballot Marking Devices for all voters","Optical Scan",
"1314700000","Georgia","Hart County","17139","7","Assigned Polling Place","No","Ballot Marking Devices for all voters","Optical Scan",
"1314900000","Georgia","Heard County","7703","6","Assigned Polling Place","No","Ballot Marking Devices for all voters","Optical Scan",
"1315100000","Georgia","Henry County","168589","37","Assigned Polling Place","No","Ballot Marking Devices for all voters","Optical Scan",
"1315300000","Georgia","Houston County","103522","16","Assigned Polling Place","No","Ballot Marking Devices for all voters","Optical Scan",
"1315500000","Georgia","Irwin County","5863","3","Assigned Polling Place","No","Ballot Marking Devices for all voters","Optical Scan",
"1315700000","Georgia","Jackson County","53808","4","Assigned Polling Place","No","Ballot Marking Devices for all voters","Optical Scan",
"1315900000","Georgia","Jasper County","10855","3","Assigned Polling Place","No","Ballot Marking Devices for all voters","Optical Scan",
"1316100000","Georgia","Jeff Davis County","8154","9","Assigned Polling Place","No","Ballot Marking Devices for all voters","Optical Scan",
"1316300000","Georgia","Jefferson County","10991","8","Assigned Polling Place","No","Ballot Marking Devices for all voters","Optical Scan",
"1316500000","Georgia","Jenkins County","4924","5","Assigned Polling Place","No","Ballot Marking Devices for all voters","Optical Scan",
"1316700000","Georgia","Johnson County","5450","4","Assigned Polling Place","No","Ballot Marking Devices for all voters","Optical Scan",
"1316900000","Georgia","Jones County","20280","10","Assigned Polling Place","No","Ballot Marking Devices for all voters","Optical Scan",
"1317100000","Georgia","Lamar County","13327","6","Assigned Polling Place","No","Ballot Marking Devices for all voters","Optical Scan",
"1317300000","Georgia","Lanier County","5420","1","Assigned Polling Place","No","Ballot Marking Devices for all voters","Optical Scan",
"1317500000","Georgia","Laurens County","31956","15","Assigned Polling Place","No","Ballot Marking Devices for all voters","Optical Scan",
"1317700000","Georgia","Lee County","22522","10","Assigned Polling Place","No","Ballot Marking Devices for all voters","Optical Scan",
"1317900000","Georgia","Liberty County","31930","12","Assigned Polling Place","No","Ballot Marking Devices for all voters","Optical Scan",
"1318100000","Georgia","Lincoln County","6106","7","Assigned Polling Place","No","Ballot Marking Devices for all voters","Optical Scan",
"1318300000","Georgia","Long County","9336","7","Assigned Polling Place","No","Ballot Marking Devices for all voters","Optical Scan",
"1318500000","Georgia","Lowndes County","67800","18","Assigned Polling Place","No","Ballot Marking Devices for all voters","Optical Scan",
"1318700000","Georgia","Lumpkin County","22350","1","Assigned Polling Place","No","Ballot Marking Devices for all voters","Optical Scan",
"1319300000","Georgia","Macon County","6874","5","Assigned Polling Place","No","Ballot Marking Devices for all voters","Optical Scan",
"1319500000","Georgia","Madison County","20848","12","Assigned Polling Place","No","Ballot Marking Devices for all voters","Optical Scan",
"1319700000","Georgia","Marion County","4767","5","Assigned Polling Place","No","Ballot Marking Devices for all voters","Optical Scan",
"1318900000","Georgia","McDuffie County","15015","7","Assigned Polling Place","No","Ballot Marking Devices for all voters","Optical Scan",
"1319100000","Georgia","McIntosh County","8874","5","Assigned Polling Place","No","Ballot Marking Devices for all voters","Optical Scan",
"1319900000","Georgia","Meriwether County","15014","14","Assigned Polling Place","No","Ballot Marking Devices for all voters","Optical Scan",
"1320100000","Georgia","Miller County","3723","1","Assigned Polling Place","No","Ballot Marking Devices for all voters","Optical Scan",
"1320500000","Georgia","Mitchell County","12953","11","Assigned Polling Place","No","Ballot Marking Devices for all voters","Optical Scan",
"1320700000","Georgia","Monroe County","21287","14","Assigned Polling Place","No","Ballot Marking Devices for all voters","Optical Scan",
"1320900000","Georgia","Montgomery County","5369","7","Assigned Polling Place","No","Ballot Marking Devices for all voters","Optical Scan",
"1321100000","Georgia","Morgan County","14996","5","Assigned Polling Place","No","Ballot Marking Devices for all voters","Optical Scan",
"1321300000","Georgia","Murray County","22976","7","Assigned Polling Place","No","Ballot Marking Devices for all voters","Optical Scan",
"1321500000","Georgia","Muscogee County","121240","25","Assigned Polling Place","No","Ballot Marking Devices for all voters","Optical Scan",
"1321700000","Georgia","Newton County","77015","22","Assigned Polling Place","No","Ballot Marking Devices for all voters","Optical Scan",
"1321900000","Georgia","Oconee County","30260","8","Assigned Polling Place","No","Ballot Marking Devices for all voters","Optical Scan",
"1322100000","Georgia","Oglethorpe County","10637","3","Assigned Polling Place","No","Ballot Marking Devices for all voters","Optical Scan",
"1322300000","Georgia","Paulding County","114743","18","Assigned Polling Place","No","Ballot Marking Devices for all voters","Optical Scan",
"1322500000","Georgia","Peach County","17426","7","Assigned Polling Place","No","Ballot Marking Devices for all voters","Optical Scan",
"1322700000","Georgia","Pickens County","23634","12","Assigned Polling Place","No","Ballot Marking Devices for all voters","Optical Scan",
"1322900000","Georgia","Pierce County","12445","8","Assigned Polling Place","No","Ballot Marking Devices for all voters","Optical Scan",
"1323100000","Georgia","Pike County","14213","8","Assigned Polling Place","No","Ballot Marking Devices for all voters","Optical Scan",
"1323300000","Georgia","Polk County","24629","7","Assigned Polling Place","No","Ballot Marking Devices for all voters","Optical Scan",
"1323500000","Georgia","Pulaski County","5595","1","Assigned Polling Place","No","Ballot Marking Devices for all voters","Optical Scan",
"1323700000","Georgia","Putnam County","15870","5","Assigned Polling Place","No","Ballot Marking Devices for all voters","Optical Scan",
"1323900000","Georgia","Quitman County","1493","2","Assigned Polling Place","No","Ballot Marking Devices for all voters","Optical Scan",
"1324100000","Georgia","Rabun County","12581","1","Assigned Polling Place","No","Ballot Marking Devices for all voters","Optical Scan",
"1324300000","Georgia","Randolph County","4223","6","Assigned Polling Place","No","Ballot Marking Devices for all voters","Optical Scan",
"1324500000","Georgia","Richmond County","124572","68","Assigned Polling Place","No","Ballot Marking Devices for all voters","Optical Scan",
"1324700000","Georgia","Rockdale County","58937","16","Assigned Polling Place","No","Ballot Marking Devices for all voters","Optical Scan",
"1324900000","Georgia","Schley County","2887","1","Assigned Polling Place","No","Ballot Marking Devices for all voters","Optical Scan",
"1325100000","Georgia","Screven County","9592","12","Assigned Polling Place","No","Ballot Marking Devices for all voters","Optical Scan",
"1325300000","Georgia","Seminole County","5680","5","Assigned Polling Place","No","Ballot Marking Devices for all voters","Optical Scan",
"1325500000","Georgia","Spalding County","45180","18","Assigned Polling Place","No","Ballot Marking Devices for all voters","Optical Scan",
"1325700000","Georgia","Stephens County","17968","1","Assigned Polling Place","No","Ballot Marking Devices for all voters","Optical Scan",
"1325900000","Georgia","Stewart County","2744","4","Assigned Polling Place","No","Ballot Marking Devices for all voters","Optical Scan",
"1326100000","Georgia","Sumter County","17453","11","Assigned Polling Place","No","Ballot Marking Devices for all voters","Optical Scan",
"1326300000","Georgia","Talbot County","4492","7","Assigned Polling Place","No","Ballot Marking Devices for all voters","Optical Scan",
"1326500000","Georgia","Taliaferro County","1228","2","Assigned Polling Place","No","Ballot Marking Devices for all voters","Optical Scan",
"1326700000","Georgia","Tattnall County","11246","8","Assigned Polling Place","No","Ballot Marking Devices for all voters","Optical Scan",
"1326900000","Georgia","Taylor County","5256","3","Assigned Polling Place","No","Ballot Marking Devices for all voters","Optical Scan",
"1327100000","Georgia","Telfair County","5805","6","Assigned Polling Place","No","Ballot Marking Devices for all voters","Optical Scan",
"1327300000","Georgia","Terrell County","6470","6","Assigned Polling Place","No","Ballot Marking Devices for all voters","Optical Scan",
"1327500000","Georgia","Thomas County","29204","20","Assigned Polling Place","No","Ballot Marking Devices for all voters","Optical Scan",
"1327700000","Georgia","Tift County","24391","12","Assigned Polling Place","No","Ballot Marking Devices for all voters","Optical Scan",
"1327900000","Georgia","Toombs County","15930","5","Assigned Polling Place","No","Ballot Marking Devices for all voters","Optical Scan",
"1328100000","Georgia","Towns County","10347","2","Assigned Polling Place","No","Ballot Marking Devices for all voters","Optical Scan",
"1328300000","Georgia","Treutlen County","4046","2","Assigned Polling Place","No","Ballot Marking Devices for all voters","Optical Scan",
"1328500000","Georgia","Troup County","41225","14","Assigned Polling Place","No","Ballot Marking Devices for all voters","Optical Scan",
"1328700000","Georgia","Turner County","5550","3","Assigned Polling Place","No","Ballot Marking Devices for all voters","Optical Scan",
"1328900000","Georgia","Twiggs County","5972","5","Assigned Polling Place","No","Ballot Marking Devices for all voters","Optical Scan",
"1329100000","Georgia","Union County","20263","11","Assigned Polling Place","No","Ballot Marking Devices for all voters","Optical Scan",
"1329300000","Georgia","Upson County","18214","4","Assigned Polling Place","No","Ballot Marking Devices for all voters","Optical Scan",
"1329500000","Georgia","Walker County","42525","11","Assigned Polling Place","No","Ballot Marking Devices for all voters","Optical Scan",
"1329700000","Georgia","Walton County","70195","21","Assigned Polling Place","No","Ballot Marking Devices for all voters","Optical Scan",
"1329900000","Georgia","Ware County","19249","12","Assigned Polling Place","No","Ballot Marking Devices for all voters","Optical Scan",
"1330100000","Georgia","Warren County","3733","1","Assigned Polling Place","No","Ballot Marking Devices for all voters","Optical Scan",
"1330300000","Georgia","Washington County","12816","8","Assigned Polling Place","No","Ballot Marking Devices for all voters","Optical Scan",
"1330500000","Georgia","Wayne County","17489","12","Assigned Polling Place","No","Ballot Marking Devices for all voters","Optical Scan",
"1330700000","Georgia","Webster County","1690","1","Assigned Polling Place","No","Ballot Marking Devices for all voters","Optical Scan",
"1330900000","Georgia","Wheeler County","3118","2","Assigned Polling Place","No","Ballot Marking Devices for all voters","Optical Scan",
"1331100000","Georgia","White County","20916","10","Assigned Polling Place","No","Ballot Marking Devices for all voters","Optical Scan",
"1331300000","Georgia","Whitfield County","54873","23","Assigned Polling Place","No","Ballot Marking Devices for all voters","Optical Scan",
"1331500000","Georgia","Wilcox County","4331","6","Assigned Polling Place","No","Ballot Marking Devices for all voters","Optical Scan",
"1331700000","Georgia","Wilkes County","6566","7","Assigned Polling Place","No","Ballot Marking Devices for all voters","Optical Scan",
"1331900000","Georgia","Wilkinson County","6455","9","Assigned Polling Place","No","Ballot Marking Devices for all voters","Optical Scan",
"1332100000","Georgia","Worth County","13029","13","Assigned Polling Place","No","Ballot Marking Devices for all voters","Optical Scan",
"6600000000","Guam","Guam","60463","67","","No","Hand marked paper ballots and BMDs","Optical Scan",
"1500100000","Hawaii","Hawaii County","122145","42","Vote Center","Yes","Hand marked paper ballots and BMDs","Optical Scan",
"1500300000","Hawaii","City and County of Honolulu","493077","154","Vote Center","Yes","Hand marked paper ballots and BMDs","Optical Scan",
"1500700000","Hawaii","Kauai County","44858","16","Vote Center","Yes","Hand marked paper ballots and BMDs","Optical Scan",
"1500900000","Hawaii","Maui County","104022","36","Vote Center","Yes","Hand marked paper ballots and BMDs","Optical Scan",
"1600100000","Idaho","Ada County","304317","197","Assigned Polling Place","No","Hand marked paper ballots and BMDs","Optical Scan",
"1600300000","Idaho","Adams County","2914","7","Assigned Polling Place","No","Hand marked paper ballots and BMDs","Hand Count",
"1600500000","Idaho","Bannock County","46133","57","Assigned Polling Place","No","Hand marked paper ballots and BMDs","Optical Scan",
"1600700000","Idaho","Bear Lake County","4141","15","Assigned Polling Place","No","Hand marked paper ballots and BMDs","Hand Count",
"1600900000","Idaho","Benewah County","5973","11","Assigned Polling Place","No","Hand marked paper ballots and BMDs","Hand Count",
"1601100000","Idaho","Bingham County","22921","28","Assigned Polling Place","No","Hand marked paper ballots and BMDs","Optical Scan",
"1601300000","Idaho","Blaine County","15405","16","Assigned Polling Place","No","Hand marked paper ballots and BMDs","Optical Scan",
"1601500000","Idaho","Boise County","5788","7","Assigned Polling Place","No","Hand marked paper ballots and BMDs","Hand Count",
"1601700000","Idaho","Bonner County","31580","30","Assigned Polling Place","No","Hand marked paper ballots and BMDs","Optical Scan",
"1601900000","Idaho","Bonneville County","58828","51","Assigned Polling Place","No","Hand marked paper ballots and BMDs","Optical Scan",
"1602100000","Idaho","Boundary County","7642","7","Assigned Polling Place","No","Hand marked paper ballots and BMDs","Optical Scan",
"1602300000","Idaho","Butte County","1502","9","Assigned Polling Place","No","Hand marked paper ballots and BMDs","Hand Count",
"1602500000","Idaho","Camas County","723","3","Assigned Polling Place","No","Hand marked paper ballots and BMDs","Hand Count",
"1602700000","Idaho","Canyon County","112380","51","Assigned Polling Place","No","Ballot Marking Devices for all voters","Optical Scan",
"1602900000","Idaho","Caribou County","3765","9","Assigned Polling Place","No","Hand marked paper ballots and BMDs","Optical Scan",
"1603100000","Idaho","Cassia County","10250","24","Assigned Polling Place","No","Hand marked paper ballots and BMDs","Optical Scan",
"1603300000","Idaho","Clark County","349","3","Assigned Polling Place","No","Hand marked paper ballots and BMDs","Hand Count",
"1603500000","Idaho","Clearwater County","5044","15","Assigned Polling Place","No","Hand marked paper ballots and BMDs","Optical Scan",
"1603700000","Idaho","Custer County","3041","10","Assigned Polling Place","No","Hand marked paper ballots and BMDs","Hand Count",
"1603900000","Idaho","Elmore County","11080","17","Assigned Polling Place","No","Hand marked paper ballots and BMDs","Optical Scan",
"1604100000","Idaho","Franklin County","7287","18","Assigned Polling Place","No","Hand marked paper ballots and BMDs","Optical Scan",
"1604300000","Idaho","Fremont County","7368","14","Assigned Polling Place","No","Hand marked paper ballots and BMDs","Optical Scan",
"1604500000","Idaho","Gem County","11461","14","Assigned Polling Place","No","Hand marked paper ballots and BMDs","Optical Scan",
"1604700000","Idaho","Gooding County","6821","6","Assigned Polling Place","No","Hand marked paper ballots and BMDs","Optical Scan",
"1604900000","Idaho","Idaho County","11184","28","Assigned Polling Place","No","Hand marked paper ballots and BMDs","Hand Count",
"1605100000","Idaho","Jefferson County","15643","21","Assigned Polling Place","No","Hand marked paper ballots and BMDs","Optical Scan",
"1605300000","Idaho","Jerome County","9000","12","Assigned Polling Place","No","Hand marked paper ballots and BMDs","Optical Scan",
"1605500000","Idaho","Kootenai County","103197","73","Assigned Polling Place","No","Hand marked paper ballots and BMDs","Optical Scan",
"1605700000","Idaho","Latah County","22651","34","Assigned Polling Place","No","Hand marked paper ballots and BMDs","Optical Scan",
"1605900000","Idaho","Lemhi County","5536","10","Assigned Polling Place","No","Hand marked paper ballots and BMDs","Optical Scan",
"1606100000","Idaho","Lewis County","2201","8","Assigned Polling Place","No","Hand marked paper ballots and BMDs","Hand Count",
"1606300000","Idaho","Lincoln County","2232","5","Assigned Polling Place","No","Hand marked paper ballots and BMDs","Optical Scan",
"1606500000","Idaho","Madison County","20284","22","Assigned Polling Place","No","Hand marked paper ballots and BMDs","Optical Scan",
"1606700000","Idaho","Minidoka County","8476","11","Assigned Polling Place","No","Hand marked paper ballots and BMDs","Optical Scan",
"1606900000","Idaho","Nez Perce County","23064","34","Assigned Polling Place","No","Hand marked paper ballots and BMDs","Optical Scan",
"1607100000","Idaho","Oneida County","2755","6","Assigned Polling Place","No","Hand marked paper ballots and BMDs","Optical Scan",
"1607300000","Idaho","Owyhee County","5478","13","Assigned Polling Place","No","Hand marked paper ballots and BMDs","Hand Count",
"1607500000","Idaho","Payette County","12668","10","Assigned Polling Place","No","Hand marked paper ballots and BMDs","Optical Scan",
"1607700000","Idaho","Power County","3587","6","Assigned Polling Place","No","Hand marked paper ballots and BMDs","Optical Scan",
"1607900000","Idaho","Shoshone County","7215","14","Assigned Polling Place","No","Hand marked paper ballots and BMDs","Optical Scan",
"1608100000","Idaho","Teton County","7128","8","Assigned Polling Place","No","Hand marked paper ballots and BMDs","Optical Scan",
"1608300000","Idaho","Twin Falls County","41531","46","Assigned Polling Place","No","Hand marked paper ballots and BMDs","Optical Scan",
"1608500000","Idaho","Valley County","8155","8","Assigned Polling Place","No","Hand marked paper ballots and BMDs","Optical Scan",
"1608700000","Idaho","Washington County","5910","11","Assigned Polling Place","No","Hand marked paper ballots and BMDs","Optical Scan",
"1700100000","Illinois","Adams County","43037","74","Assigned Polling Place","No","Hand marked paper ballots and BMDs","Optical Scan",
"1700300000","Illinois","Alexander County","4799","11","Assigned Polling Place","No","Hand marked paper ballots and BMDs","Optical Scan",
"1706613000","Illinois","City of Bloomington","51750","52","Assigned Polling Place","No","Hand marked paper ballots and BMDs","Optical Scan",
"1700500000","Illinois","Bond County","10719","20","Assigned Polling Place","No","Hand marked paper ballots and BMDs","Optical Scan",
"1700700000","Illinois","Boone County","30065","38","Assigned Polling Place","No","Hand marked paper ballots and BMDs","Optical Scan",
"1700900000","Illinois","Brown County","3437","14","Assigned Polling Place","No","Hand marked paper ballots and BMDs","Optical Scan",
"1701100000","Illinois","Bureau County","23067","50","Assigned Polling Place","No","Hand marked paper ballots and BMDs","Optical Scan",
"1701300000","Illinois","Calhoun County","3242","7","Assigned Polling Place","No","Hand marked paper ballots and BMDs","Optical Scan",
"1701500000","Illinois","Carroll County","10357","22","Assigned Polling Place","No","Hand marked paper ballots and BMDs","Optical Scan",
"1701700000","Illinois","Cass County","7675","21","Assigned Polling Place","No","Hand marked paper ballots and DREs with VVPAT","Optical Scan and DRE",
"1701900000","Illinois","Champaign County","115192","67","Assigned Polling Place","No","Hand marked paper ballots and BMDs","Optical Scan",
"1714000000","Illinois","City of Chicago","1464098","1290","Assigned Polling Place","No","Hand marked paper ballots and BMDs","Optical Scan",
"1702100000","Illinois","Christian County","21248","29","Assigned Polling Place","No","Hand marked paper ballots and BMDs","Optical Scan",
"1702300000","Illinois","Clark County","10838","23","Assigned Polling Place","No","Hand marked paper ballots and BMDs","Optical Scan",
"1702500000","Illinois","Clay County","5865","19","Assigned Polling Place","No","Hand marked paper ballots and BMDs","Optical Scan",
"1702700000","Illinois","Clinton County","26100","34","Assigned Polling Place","No","Hand marked paper ballots and BMDs","Optical Scan",
"1702900000","Illinois","Coles County","29180","44","Assigned Polling Place","No","Hand marked paper ballots and BMDs","Optical Scan",
"1703100000","Illinois","Cook County","1610000","1659","Assigned Polling Place","No","Hand marked paper ballots and BMDs","Optical Scan",
"1703300000","Illinois","Crawford County","12301","24","Assigned Polling Place","No","Hand marked paper ballots and BMDs","Optical Scan",
"1703500000","Illinois","Cumberland County","7520","13","Assigned Polling Place","No","Hand marked paper ballots and BMDs","Optical Scan",
"1718563000","Illinois","City of Danville","15441","29","Assigned Polling Place","No","Hand marked paper ballots and BMDs","Optical Scan",
"1703700000","Illinois","DeKalb County","61517","65","Assigned Polling Place","No","Hand marked paper ballots and BMDs","Optical Scan",
"1703900000","Illinois","DeWitt County","10485","23","Assigned Polling Place","No","Hand marked paper ballots and BMDs","Optical Scan",
"1704100000","Illinois","Douglas County","11555","17","Assigned Polling Place","No","Hand marked paper ballots and BMDs","Optical Scan",
"1704300000","Illinois","DuPage County","616632","930","Vote Center","No","Hand marked paper ballots and BMDs","Optical Scan",
"1722255000","Illinois","City of East St. Louis","14949","25","Assigned Polling Place","No","Hand marked paper ballots and BMDs","Optical Scan",
"1704500000","Illinois","Edgar County","12096","31","Assigned Polling Place","No","Hand marked paper ballots and BMDs","Optical Scan",
"1704700000","Illinois","Edwards County","4165","12","Assigned Polling Place","No","Hand marked paper ballots and BMDs","Optical Scan",
"1704900000","Illinois","Effingham County","23842","38","Assigned Polling Place","No","Hand marked paper ballots and BMDs","Optical Scan",
"1705100000","Illinois","Fayette County","12716","28","Assigned Polling Place","No","Hand marked paper ballots and BMDs","Optical Scan",
"1705300000","Illinois","Ford County","8807","22","Assigned Polling Place","No","Hand marked paper ballots and DREs with VVPAT","Optical Scan and DRE",
"1705500000","Illinois","Franklin County","27664","36","Assigned Polling Place","No","Hand marked paper ballots and BMDs","Optical Scan",
"1705700000","Illinois","Fulton County","24126","57","Assigned Polling Place","No","Hand marked paper ballots and DREs with VVPAT","Optical Scan and DRE",
"1728326000","Illinois","City of Galesburg","17093","20","Assigned Polling Place","No","Hand marked paper ballots and BMDs","Optical Scan",
"1705900000","Illinois","Gallatin County","3200","11","Assigned Polling Place","No","Hand marked paper ballots and BMDs","Optical Scan",
"1706100000","Illinois","Greene County","9106","22","Assigned Polling Place","No","Hand marked paper ballots and BMDs","Optical Scan",
"1706300000","Illinois","Grundy County","34048","40","Assigned Polling Place","No","Hand marked paper ballots and BMDs","Optical Scan",
"1706500000","Illinois","Hamilton County","5509","16","Assigned Polling Place","No","Hand marked paper ballots and BMDs","Optical Scan",
"1706700000","Illinois","Hancock County","11721","33","Assigned Polling Place","No","Hand marked paper ballots and BMDs","Optical Scan",
"1706900000","Illinois","Hardin County","3065","6","Assigned Polling Place","No","Hand marked paper ballots and BMDs","Optical Scan",
"1707100000","Illinois","Henderson County","4477","13","Assigned Polling Place","No","Hand marked paper ballots and BMDs","Optical Scan",
"1707300000","Illinois","Henry County","34732","52","Assigned Polling Place","No","Hand marked paper ballots and BMDs","Optical Scan",
"1707500000","Illinois","Iroquois County","17933","37","Assigned Polling Place","No","Hand marked paper ballots and DREs with VVPAT","Optical Scan and DRE",
"1707700000","Illinois","Jackson County","33410","56","Assigned Polling Place","No","Hand marked paper ballots and BMDs","Optical Scan",
"1707900000","Illinois","Jasper County","6794","15","Assigned Polling Place","No","Hand marked paper ballots and BMDs","Optical Scan",
"1708100000","Illinois","Jefferson County","23863","33","Assigned Polling Place","No","Hand marked paper ballots and BMDs","Optical Scan",
"1708300000","Illinois","Jersey County","14978","22","Assigned Polling Place","No","Hand marked paper ballots and BMDs","Optical Scan",
"1708500000","Illinois","Jo Daviess County","16277","28","Assigned Polling Place","No","Hand marked paper ballots and BMDs","Optical Scan",
"1708700000","Illinois","Johnson County","8118","16","Assigned Polling Place","No","Hand marked paper ballots and BMDs","Optical Scan",
"1708900000","Illinois","Kane County","302339","292","Assigned Polling Place","No","DREs with VVPAT for all voters","DRE",
"1709100000","Illinois","Kankakee County","65500","59","Assigned Polling Place","No","Hand marked paper ballots and BMDs","Optical Scan",
"1709300000","Illinois","Kendall County","84838","78","Assigned Polling Place","No","Hand marked paper ballots and BMDs","Optical Scan",
"1709500000","Illinois","Knox County","14112","28","Assigned Polling Place","No","Hand marked paper ballots and DREs with VVPAT","Optical Scan and DRE",
"1709900000","Illinois","La Salle County","70871","119","Assigned Polling Place","No","Hand marked paper ballots and BMDs","Optical Scan",
"1709700000","Illinois","Lake County","465342","431","Assigned Polling Place","No","Hand marked paper ballots and BMDs","Optical Scan",
"1710100000","Illinois","Lawrence County","8780","20","Assigned Polling Place","No","Hand marked paper ballots and BMDs","Optical Scan",
"1710300000","Illinois","Lee County","21540","46","Assigned Polling Place","No","Hand marked paper ballots and BMDs","Optical Scan",
"1710500000","Illinois","Livingston County","20322","47","Assigned Polling Place","No","Hand marked paper ballots and BMDs","Optical Scan",
"1710700000","Illinois","Logan County","18313","29","Assigned Polling Place","No","Hand marked paper ballots and BMDs","Optical Scan",
"1711500000","Illinois","Macon County","71903","64","Assigned Polling Place","No","Hand marked paper ballots and BMDs","Optical Scan",
"1711700000","Illinois","Macoupin County","31612","46","Assigned Polling Place","No","Hand marked paper ballots and BMDs","Optical Scan",
"1711900000","Illinois","Madison County","180588","191","Assigned Polling Place","No","Hand marked paper ballots and BMDs","Optical Scan",
"1712100000","Illinois","Marion County","24725","37","Assigned Polling Place","No","Hand marked paper ballots and BMDs","Optical Scan",
"1712300000","Illinois","Marshall County","7834","14","Assigned Polling Place","No","Hand marked paper ballots and BMDs","Optical Scan",
"1712500000","Illinois","Mason County","8917","21","Assigned Polling Place","No","Hand marked paper ballots and BMDs","Optical Scan",
"1712700000","Illinois","Massac County","10485","17","Assigned Polling Place","No","Hand marked paper ballots and BMDs","Optical Scan",
"1710900000","Illinois","McDonough County","16212","27","Assigned Polling Place","No","Hand marked paper ballots and DREs with VVPAT","Optical Scan and DRE",
"1711100000","Illinois","McHenry County","226709","223","Assigned Polling Place","No","Hand marked paper ballots and BMDs","Optical Scan",
"1711300000","Illinois","McLean County","59332","70","Assigned Polling Place","No","Hand marked paper ballots and BMDs","Optical Scan",
"1712900000","Illinois","Menard County","8873","14","Assigned Polling Place","No","Hand marked paper ballots and BMDs","Optical Scan",
"1713100000","Illinois","Mercer County","12921","24","Assigned Polling Place","No","Hand marked paper ballots and BMDs","Optical Scan",
"1713300000","Illinois","Monroe County","23943","25","Assigned Polling Place","No","Hand marked paper ballots and BMDs","Optical Scan",
"1713500000","Illinois","Montgomery County","16337","38","Assigned Polling Place","No","Hand marked paper ballots and BMDs","Optical Scan",
"1713700000","Illinois","Morgan County","22587","27","Assigned Polling Place","No","Hand marked paper ballots and BMDs","Optical Scan",
"1713900000","Illinois","Moultrie County","8558","16","Assigned Polling Place","No","Hand marked paper ballots and BMDs","Optical Scan",
"1714100000","Illinois","Ogle County","32042","51","Assigned Polling Place","No","Hand marked paper ballots and BMDs","Optical Scan",
"1714300000","Illinois","Peoria County","118280","116","Assigned Polling Place","No","Hand marked paper ballots and BMDs","Optical Scan",
"1714500000","Illinois","Perry County","14728","27","Assigned Polling Place","No","Hand marked paper ballots and DREs with VVPAT","Optical Scan and DRE",
"1714700000","Illinois","Piatt County","11879","16","Assigned Polling Place","No","Hand marked paper ballots and DREs with VVPAT","Optical Scan and DRE",
"1714900000","Illinois","Pike County","9685","31","Assigned Polling Place","No","Hand marked paper ballots and BMDs","Optical Scan",
"1715100000","Illinois","Pope County","2772","6","Assigned Polling Place","No","Hand marked paper ballots and DREs with VVPAT","Optical Scan and DRE",
"1715300000","Illinois","Pulaski County","4324","11","Assigned Polling Place","No","Hand marked paper ballots and BMDs","Optical Scan",
"1715500000","Illinois","Putnam County","2847","8","Assigned Polling Place","No","Hand marked paper ballots and BMDs","Optical Scan",
"1715700000","Illinois","Randolph County","19703","37","Assigned Polling Place","No","Hand marked paper ballots and BMDs","Optical Scan",
"1715900000","Illinois","Richland County","10774","21","Assigned Polling Place","No","Hand marked paper ballots and BMDs","Optical Scan",
"1716100000","Illinois","Rock Island County","84814","120","Assigned Polling Place","No","Hand marked paper ballots and DREs with VVPAT","Optical Scan and DRE",
"1765000000","Illinois","City of Rockford","86204","86","Assigned Polling Place","No","Hand marked paper ballots and BMDs","Optical Scan",
"1716500000","Illinois","Saline County","15855","28","Assigned Polling Place","No","Hand marked paper ballots and DREs with VVPAT","Optical Scan and DRE",
"1716700000","Illinois","Sangamon County","135338","180","Assigned Polling Place","No","Hand marked paper ballots and BMDs","Optical Scan",
"1716900000","Illinois","Schuyler County","4784","17","Assigned Polling Place","No","Hand marked paper ballots and DREs with VVPAT","Optical Scan and DRE",
"1717100000","Illinois","Scott County","3435","10","Assigned Polling Place","No","Hand marked paper ballots and DREs with VVPAT","Optical Scan and DRE",
"1717300000","Illinois","Shelby County","14705","33","Assigned Polling Place","No","Hand marked paper ballots and BMDs","Optical Scan",
"1716300000","Illinois","St. Clair County","166065","190","Assigned Polling Place","No","Hand marked paper ballots and BMDs","Optical Scan",
"1717500000","Illinois","Stark County","3732","9","Assigned Polling Place","No","Hand marked paper ballots and BMDs","Optical Scan",
"1717700000","Illinois","Stephenson County","28375","36","Assigned Polling Place","No","Hand marked paper ballots and BMDs","Optical Scan",
"1717900000","Illinois","Tazewell County","87790","82","Assigned Polling Place","No","Hand marked paper ballots and BMDs","Optical Scan",
"1718100000","Illinois","Union County","11889","20","Assigned Polling Place","No","Hand marked paper ballots and BMDs","Optical Scan",
"1718300000","Illinois","Vermilion County","28826","38","Assigned Polling Place","No","Hand marked paper ballots and BMDs","Optical Scan",
"1718500000","Illinois","Wabash County","7534","16","Assigned Polling Place","No","Hand marked paper ballots and BMDs","Optical Scan",
"1718700000","Illinois","Warren County","12054","26","Assigned Polling Place","No","Hand marked paper ballots and DREs with VVPAT","Optical Scan and DRE",
"1718900000","Illinois","Washington County","9845","19","Assigned Polling Place","No","Hand marked paper ballots and DREs with VVPAT","Optical Scan and DRE",
"1719100000","Illinois","Wayne County","10674","27","Assigned Polling Place","No","Hand marked paper ballots and BMDs","Optical Scan",
"1719300000","Illinois","White County","9805","1812","Assigned Polling Place","No","Hand marked paper ballots and BMDs","Optical Scan",
"1719500000","Illinois","Whiteside County","37027","60","Assigned Polling Place","No","Hand marked paper ballots and BMDs","Optical Scan",
"1719700000","Illinois","Will County","462483","310","Assigned Polling Place","No","Hand marked paper ballots and BMDs","Optical Scan",
"1719900000","Illinois","Williamson County","45867","65","Assigned Polling Place","No","Hand marked paper ballots and BMDs","Optical Scan",
"1720100000","Illinois","Winnebago County","92478","94","Assigned Polling Place","No","Hand marked paper ballots and BMDs","Optical Scan",
"1720300000","Illinois","Woodford County","25744","37","Assigned Polling Place","No","Hand marked paper ballots and BMDs","Optical Scan",
"1800100000","Indiana","Adams County","18285","25","Vote Center","No","DREs with VVPAT for all voters","DRE",
"1800300000","Indiana","Allen County","236245","278","Assigned Polling Place","No","DREs without VVPAT for all voters","DRE",
"1800500000","Indiana","Bartholomew County","47592","66","Vote Center","No","DREs with VVPAT for all voters","DRE",
"1800700000","Indiana","Benton County","5563","15","Assigned Polling Place","No","Ballot Marking Devices for all voters","Optical Scan",
"1800900000","Indiana","Blackford County","7314","12","Vote Center","No","DREs with VVPAT for all voters","DRE",
"1801100000","Indiana","Boone County","49841","53","Vote Center","No","DREs without VVPAT for all voters","DRE",
"1801300000","Indiana","Brown County","11501","11","Assigned Polling Place","No","Hand marked paper ballots and BMDs","Optical Scan",
"1801500000","Indiana","Carroll County","13125","19","Vote Center","No","Ballot Marking Devices for all voters","Optical Scan",
"1801700000","Indiana","Cass County","20718","33","Vote Center","No","Ballot Marking Devices for all voters","Optical Scan",
"1801900000","Indiana","Clark County","81737","74","Assigned Polling Place","No","Hand marked paper ballots and BMDs","Optical Scan",
"1802100000","Indiana","Clay County","17304","24","Vote Center","No","DREs without VVPAT for all voters","DRE",
"1802300000","Indiana","Clinton County","18331","39","Vote Center","No","DREs with VVPAT for all voters","DRE",
"1802500000","Indiana","Crawford County","6854","18","Assigned Polling Place","No","Hand marked paper ballots and BMDs","Optical Scan",
"1802700000","Indiana","Daviess County","16027","28","Assigned Polling Place","No","DREs without VVPAT for all voters","DRE",
"1803300000","Indiana","DeKalb County","26925","39","Vote Center","No","DREs without VVPAT for all voters","DRE",
"1802900000","Indiana","Dearborn County","35559","45","Vote Center","No","Ballot Marking Devices for all voters","Optical Scan",
"1803100000","Indiana","Decatur County","16165","22","Vote Center","No","DREs without VVPAT for all voters","DRE",
"1803500000","Indiana","Delaware County","67111","79","Assigned Polling Place","No","DREs without VVPAT for all voters","DRE",
"1803700000","Indiana","Dubois County","28189","40","Vote Center","No","DREs with VVPAT for all voters","DRE",
"1803900000","Indiana","Elkhart County","110875","118","Vote Center","No","Ballot Marking Devices for all voters","Optical Scan",
"1804100000","Indiana","Fayette County","14045","28","Assigned Polling Place","No","DREs without VVPAT for all voters","DRE",
"1804300000","Indiana","Floyd County","55094","60","Vote Center","No","Ballot Marking Devices for all voters","Optical Scan",
"1804500000","Indiana","Fountain County","10682","20","Vote Center","No","Ballot Marking Devices for all voters","Optical Scan",
"1804700000","Indiana","Franklin County","15793","23","Assigned Polling Place","No","DREs with VVPAT for all voters","DRE",
"1804900000","Indiana","Fulton County","12229","17","Vote Center","No","Ballot Marking Devices for all voters","Optical Scan",
"1805100000","Indiana","Gibson County","21025","34","Assigned Polling Place","No","Hand marked paper ballots and BMDs","Optical Scan",
"1805300000","Indiana","Grant County","38993","65","Vote Center","No","DREs without VVPAT for all voters","DRE",
"1805500000","Indiana","Greene County","19513","32","Vote Center","No","DREs without VVPAT for all voters","DRE",
"1805700000","Indiana","Hamilton County","244012","224","Assigned Polling Place","No","DREs without VVPAT for all voters","DRE",
"1805900000","Indiana","Hancock County","57638","50","Vote Center","No","Hand marked paper ballots and BMDs","Optical Scan",
"1806100000","Indiana","Harrison County","27074","45","Assigned Polling Place","No","Hand marked paper ballots and BMDs","Optical Scan",
"1806300000","Indiana","Hendricks County","116954","105","Vote Center","No","DREs with VVPAT for all voters","DRE",
"1806500000","Indiana","Henry County","28687","41","Vote Center","No","Ballot Marking Devices for all voters","Optical Scan",
"1806700000","Indiana","Howard County","54649","80","Vote Center","No","Hand marked paper ballots and BMDs","Optical Scan",
"1806900000","Indiana","Huntington County","23572","37","Vote Center","No","DREs without VVPAT for all voters","DRE",
"1807100000","Indiana","Jackson County","25849","32","Vote Center","No","Hand marked paper ballots and BMDs","Optical Scan",
"1807300000","Indiana","Jasper County","20980","29","Vote Center","No","DREs without VVPAT for all voters","DRE",
"1807500000","Indiana","Jay County","11109","18","Assigned Polling Place","No","DREs without VVPAT for all voters","DRE",
"1807700000","Indiana","Jefferson County","20185","26","Assigned Polling Place","No","DREs without VVPAT for all voters","DRE",
"1807900000","Indiana","Jennings County","16639","25","Assigned Polling Place","No","Hand marked paper ballots and BMDs","Optical Scan",
"1808100000","Indiana","Johnson County","103057","140","Vote Center","No","DREs with VVPAT for all voters","DRE",
"1808300000","Indiana","Knox County","20420","26","Vote Center","No","DREs without VVPAT for all voters","DRE",
"1808500000","Indiana","Kosciusko County","48299","70","Vote Center","No","DREs without VVPAT for all voters","DRE",
"1808700000","Indiana","LaGrange County","15069","16","Assigned Polling Place","No","DREs without VVPAT for all voters","DRE",
"1809100000","Indiana","LaPorte County","71871","93","Assigned Polling Place","No","DREs without VVPAT for all voters","DRE",
"1808900000","Indiana","Lake County","328966","353","Assigned Polling Place","No","DREs without VVPAT for all voters","DRE",
"1809300000","Indiana","Lawrence County","29142","40","Vote Center","No","DREs without VVPAT for all voters","DRE",
"1809500000","Indiana","Madison County","81340","112","Vote Center","No","Ballot Marking Devices for all voters","Optical Scan",
"1809700000","Indiana","Marion County","559757","622","Vote Center","No","Ballot Marking Devices for all voters","Optical Scan",
"1809900000","Indiana","Marshall County","27067","29","Vote Center","No","DREs without VVPAT for all voters","DRE",
"1810100000","Indiana","Martin County","6489","18","Assigned Polling Place","No","Hand marked paper ballots and BMDs","Optical Scan",
"1810300000","Indiana","Miami County","19769","24","Vote Center","No","DREs without VVPAT for all voters","DRE",
"1810500000","Indiana","Monroe County","79079","83","Assigned Polling Place","No","Hand marked paper ballots and BMDs","Optical Scan",
"1810700000","Indiana","Montgomery County","22570","27","Vote Center","No","Ballot Marking Devices for all voters","Optical Scan",
"1810900000","Indiana","Morgan County","48096","46","Vote Center","No","DREs without VVPAT for all voters","DRE",
"1811100000","Indiana","Newton County","9261","18","Assigned Polling Place","No","Hand marked paper ballots and BMDs","Optical Scan",
"1811300000","Indiana","Noble County","27335","29","Vote Center","No","DREs without VVPAT for all voters","DRE",
"1811500000","Indiana","Ohio County","4295","11","Assigned Polling Place","No","Hand marked paper ballots and BMDs","Optical Scan",
"1811700000","Indiana","Orange County","12007","22","Assigned Polling Place","No","DREs without VVPAT for all voters","DRE",
"1811900000","Indiana","Owen County","13809","18","Vote Center","No","DREs without VVPAT for all voters","DRE",
"1812100000","Indiana","Parke County","9126","17","Assigned Polling Place","No","DREs with VVPAT for all voters","DRE",
"1812300000","Indiana","Perry County","11511","19","Assigned Polling Place","No","DREs without VVPAT for all voters","DRE",
"1812500000","Indiana","Pike County","8095","18","Vote Center","No","DREs without VVPAT for all voters","DRE",
"1812700000","Indiana","Porter County","119709","124","Vote Center","No","Ballot Marking Devices for all voters","Optical Scan",
"1812900000","Indiana","Posey County","16804","34","Vote Center","No","Ballot Marking Devices for all voters","Optical Scan",
"1813100000","Indiana","Pulaski County","7904","15","Vote Center","No","DREs without VVPAT for all voters","DRE",
"1813300000","Indiana","Putnam County","22284","31","Vote Center","No","DREs without VVPAT for all voters","DRE",
"1813500000","Indiana","Randolph County","14762","19","Vote Center","No","DREs without VVPAT for all voters","DRE",
"1813700000","Indiana","Ripley County","19384","25","Assigned Polling Place","No","Ballot Marking Devices for all voters","Optical Scan",
"1813900000","Indiana","Rush County","10440","17","Assigned Polling Place","No","DREs without VVPAT for all voters","DRE",
"1814300000","Indiana","Scott County","15145","215","Assigned Polling Place","No","DREs with VVPAT for all voters","DRE",
"1814500000","Indiana","Shelby County","15145","16","Vote Center","No","DREs without VVPAT for all voters","DRE",
"1814700000","Indiana","Spencer County","27826","41","Vote Center","No","DREs without VVPAT for all voters","DRE",
"1814100000","Indiana","St. Joseph County","13672","24","Vote Center","No","Ballot Marking Devices for all voters","Optical Scan",
"1814900000","Indiana","Starke County","171058","21","Vote Center","No","DREs without VVPAT for all voters","DRE",
"1815100000","Indiana","Steuben County","22392","23","Vote Center","No","DREs with VVPAT for all voters","DRE",
"1815300000","Indiana","Sullivan County","12287","21","Assigned Polling Place","No","DREs without VVPAT for all voters","DRE",
"1815500000","Indiana","Switzerland County","6125","12","Vote Center","No","Hand marked paper ballots and BMDs","Optical Scan",
"1815700000","Indiana","Tippecanoe County","100345","113","Vote Center","No","DREs with VVPAT for all voters","DRE",
"1815900000","Indiana","Tipton County","10431","15","Vote Center","No","DREs with VVPAT for all voters","DRE",
"1816100000","Indiana","Union County","4512","10","Assigned Polling Place","No","Hand marked paper ballots and BMDs","Optical Scan",
"1816300000","Indiana","Vanderburgh County","109863","139","Vote Center","No","Ballot Marking Devices for all voters","Optical Scan",
"1816500000","Indiana","Vermillion County","9783","17","Assigned Polling Place","No","DREs without VVPAT for all voters","DRE",
"1816700000","Indiana","Vigo County","61546","89","Vote Center","No","Ballot Marking Devices for all voters","Optical Scan",
"1816900000","Indiana","Wabash County","19286","26","Vote Center","No","DREs without VVPAT for all voters","DRE",
"1817100000","Indiana","Warren County","5861","13","Assigned Polling Place","No","Ballot Marking Devices for all voters","Optical Scan",
"1817300000","Indiana","Warrick County","43249","53","Vote Center","No","DREs without VVPAT for all voters","DRE",
"1817500000","Indiana","Washington County","17433","19","Assigned Polling Place","No","Hand marked paper ballots and BMDs","Optical Scan",
"1817700000","Indiana","Wayne County","37981","59","Vote Center","No","Hand marked paper ballots and BMDs","Optical Scan",
"1817900000","Indiana","Wells County","17918","22","Vote Center","No","DREs without VVPAT for all voters","DRE",
"1818100000","Indiana","White County","15500","20","Vote Center","No","DREs with VVPAT for all voters","DRE",
"1818300000","Indiana","Whitley County","22379","33","Assigned Polling Place","No","DREs without VVPAT for all voters","DRE",
"1900100000","Iowa","Adair County","4707","5","Assigned Polling Place","No","Hand marked paper ballots and BMDs","Optical Scan",
"1900300000","Iowa","Adams County","2446","5","Assigned Polling Place","No","Hand marked paper ballots and BMDs","Optical Scan",
"1900500000","Iowa","Allamakee County","8423","10","Assigned Polling Place","No","Hand marked paper ballots and BMDs","Optical Scan",
"1900700000","Iowa","Appanoose County","7434","11","Assigned Polling Place","No","Hand marked paper ballots and BMDs","Optical Scan",
"1900900000","Iowa","Audubon County","3691","2","Assigned Polling Place","No","Hand marked paper ballots and BMDs","Optical Scan",
"1901100000","Iowa","Benton County","16241","18","Assigned Polling Place","No","Hand marked paper ballots and BMDs","Optical Scan",
"1901300000","Iowa","Black Hawk County","73054","59","Assigned Polling Place","No","Hand marked paper ballots and BMDs","Optical Scan",
"1901500000","Iowa","Boone County","17103","15","Assigned Polling Place","No","Hand marked paper ballots and BMDs","Optical Scan",
"1901700000","Iowa","Bremer County","15827","14","Assigned Polling Place","No","Hand marked paper ballots and BMDs","Optical Scan",
"1901900000","Iowa","Buchanan County","12266","14","Assigned Polling Place","No","Hand marked paper ballots and BMDs","Optical Scan",
"1902100000","Iowa","Buena Vista County","9650","8","Assigned Polling Place","No","Hand marked paper ballots and BMDs","Optical Scan",
"1902300000","Iowa","Butler County","8947","8","Assigned Polling Place","No","Hand marked paper ballots and BMDs","Optical Scan",
"1902500000","Iowa","Calhoun County","5907","6","Assigned Polling Place","No","Hand marked paper ballots and BMDs","Optical Scan",
"1902700000","Iowa","Carroll County","12925","13","Assigned Polling Place","No","Hand marked paper ballots and BMDs","Optical Scan",
"1902900000","Iowa","Cass County","8186","12","Assigned Polling Place","No","Hand marked paper ballots and BMDs","Optical Scan",
"1903100000","Iowa","Cedar County","11422","12","Assigned Polling Place","No","Hand marked paper ballots and BMDs","Optical Scan",
"1903300000","Iowa","Cerro Gordo County","26501","23","Assigned Polling Place","No","Hand marked paper ballots and BMDs","Optical Scan",
"1903500000","Iowa","Cherokee County","7084","7","Assigned Polling Place","No","Hand marked paper ballots and BMDs","Optical Scan",
"1903700000","Iowa","Chickasaw County","7176","9","Assigned Polling Place","No","Hand marked paper ballots and BMDs","Optical Scan",
"1903900000","Iowa","Clarke County","5168","7","Assigned Polling Place","No","Hand marked paper ballots and BMDs","Optical Scan",
"1904100000","Iowa","Clay County","10076","12","Assigned Polling Place","No","Hand marked paper ballots and BMDs","Optical Scan",
"1904300000","Iowa","Clayton County","10755","12","Assigned Polling Place","No","Hand marked paper ballots and BMDs","Optical Scan",
"1904500000","Iowa","Clinton County","28170","24","Assigned Polling Place","No","Hand marked paper ballots and BMDs","Optical Scan",
"1904700000","Iowa","Crawford County","8294","8","Assigned Polling Place","No","Hand marked paper ballots and BMDs","Optical Scan",
"1904900000","Iowa","Dallas County","63292","46","Assigned Polling Place","No","Hand marked paper ballots and BMDs","Optical Scan",
"1905100000","Iowa","Davis County","4482","8","Assigned Polling Place","No","Hand marked paper ballots and BMDs","Optical Scan",
"1905300000","Iowa","Decatur County","4139","4","Assigned Polling Place","No","Hand marked paper ballots and BMDs","Optical Scan",
"1905500000","Iowa","Delaware County","11151","12","Assigned Polling Place","No","Hand marked paper ballots and BMDs","Optical Scan",
"1905700000","Iowa","Des Moines County","22689","17","Assigned Polling Place","No","Hand marked paper ballots and BMDs","Optical Scan",
"1905900000","Iowa","Dickinson County","12704","12","Assigned Polling Place","No","Hand marked paper ballots and BMDs","Optical Scan",
"1906100000","Iowa","Dubuque County","60798","34","Assigned Polling Place","No","Hand marked paper ballots and BMDs","Optical Scan",
"1906300000","Iowa","Emmet County","5452","11","Assigned Polling Place","No","Hand marked paper ballots and BMDs","Optical Scan",
"1906500000","Iowa","Fayette County","10933","20","Assigned Polling Place","No","Hand marked paper ballots and BMDs","Optical Scan",
"1906700000","Iowa","Floyd County","9102","8","Assigned Polling Place","No","Hand marked paper ballots and BMDs","Optical Scan",
"1906900000","Iowa","Franklin County","5759","12","Assigned Polling Place","No","Hand marked paper ballots and BMDs","Optical Scan",
"1907100000","Iowa","Fremont County","4262","5","Assigned Polling Place","No","Hand marked paper ballots and BMDs","Optical Scan",
"1907300000","Iowa","Greene County","5649","6","Assigned Polling Place","No","Hand marked paper ballots and BMDs","Optical Scan",
"1907500000","Iowa","Grundy County","8084","7","Assigned Polling Place","No","Hand marked paper ballots and BMDs","Optical Scan",
"1907700000","Iowa","Guthrie County","7277","6","Assigned Polling Place","No","Hand marked paper ballots and BMDs","Optical Scan",
"1907900000","Iowa","Hamilton County","8759","7","Assigned Polling Place","No","Hand marked paper ballots and BMDs","Optical Scan",
"1908100000","Iowa","Hancock County","6801","10","Assigned Polling Place","No","Hand marked paper ballots and BMDs","Optical Scan",
"1908300000","Iowa","Hardin County","9977","8","Assigned Polling Place","No","Hand marked paper ballots and BMDs","Optical Scan",
"1908500000","Iowa","Harrison County","8496","11","Assigned Polling Place","No","Hand marked paper ballots and BMDs","Optical Scan",
"1908700000","Iowa","Henry County","11264","9","Assigned Polling Place","No","Hand marked paper ballots and BMDs","Optical Scan",
"1908900000","Iowa","Howard County","5476","9","Assigned Polling Place","No","Hand marked paper ballots and BMDs","Optical Scan",
"1909100000","Iowa","Humboldt County","5900","6","Assigned Polling Place","No","Hand marked paper ballots and BMDs","Optical Scan",
"1909300000","Iowa","Ida County","4263","7","Assigned Polling Place","No","Hand marked paper ballots and BMDs","Optical Scan",
"1909500000","Iowa","Iowa County","10982","11","Assigned Polling Place","No","Hand marked paper ballots and BMDs","Optical Scan",
"1909700000","Iowa","Jackson County","12523","13","Assigned Polling Place","No","Hand marked paper ballots and BMDs","Optical Scan",
"1909900000","Iowa","Jasper County","23038","20","Assigned Polling Place","No","Hand marked paper ballots and BMDs","Optical Scan",
"1910100000","Iowa","Jefferson County","9769","12","Assigned Polling Place","No","Hand marked paper ballots and BMDs","Optical Scan",
"1910300000","Iowa","Johnson County","91416","65","Assigned Polling Place","No","Hand marked paper ballots and BMDs","Optical Scan",
"1910500000","Iowa","Jones County","12291","14","Assigned Polling Place","No","Hand marked paper ballots and BMDs","Optical Scan",
"1910700000","Iowa","Keokuk County","5845","11","Assigned Polling Place","No","Hand marked paper ballots and BMDs","Optical Scan",
"1910900000","Iowa","Kossuth County","9876","20","Assigned Polling Place","No","Hand marked paper ballots and BMDs","Optical Scan",
"1911100000","Iowa","Lee County","18754","22","Assigned Polling Place","No","Hand marked paper ballots and BMDs","Optical Scan",
"1911300000","Iowa","Linn County","138802","94","Assigned Polling Place","No","Hand marked paper ballots and BMDs","Optical Scan",
"1911500000","Iowa","Louisa County","6063","5","Assigned Polling Place","No","Hand marked paper ballots and BMDs","Optical Scan",
"1911700000","Iowa","Lucas County","5227","7","Assigned Polling Place","No","Hand marked paper ballots and BMDs","Optical Scan",
"1911900000","Iowa","Lyon County","7753","10","Assigned Polling Place","No","Hand marked paper ballots and BMDs","Optical Scan",
"1912100000","Iowa","Madison County","10888","10","Assigned Polling Place","No","Hand marked paper ballots and BMDs","Optical Scan",
"1912300000","Iowa","Mahaska County","12518","9","Assigned Polling Place","No","Hand marked paper ballots and BMDs","Optical Scan",
"1912500000","Iowa","Marion County","21491","19","Assigned Polling Place","No","Hand marked paper ballots and BMDs","Optical Scan",
"1912700000","Iowa","Marshall County","20318","15","Assigned Polling Place","No","Hand marked paper ballots and BMDs","Optical Scan",
"1912900000","Iowa","Mills County","9599","11","Assigned Polling Place","No","Hand marked paper ballots and BMDs","Optical Scan",
"1913100000","Iowa","Mitchell County","6422","12","Assigned Polling Place","No","Hand marked paper ballots and BMDs","Optical Scan",
"1913300000","Iowa","Monona County","5355","10","Assigned Polling Place","No","Hand marked paper ballots and BMDs","Optical Scan",
"1913500000","Iowa","Monroe County","4600","7","Assigned Polling Place","No","Hand marked paper ballots and BMDs","Optical Scan",
"1913700000","Iowa","Montgomery County","6110","7","Assigned Polling Place","No","Hand marked paper ballots and BMDs","Optical Scan",
"1913900000","Iowa","Muscatine County","23279","25","Assigned Polling Place","No","Hand marked paper ballots and BMDs","Optical Scan",
"1914100000","Iowa","O'Brien County","8383","9","Assigned Polling Place","No","Hand marked paper ballots and BMDs","Optical Scan",
"1914300000","Iowa","Osceola County","3655","8","Assigned Polling Place","No","Hand marked paper ballots and BMDs","Optical Scan",
"1914500000","Iowa","Page County","8792","9","Assigned Polling Place","No","Hand marked paper ballots and BMDs","Optical Scan",
"1914700000","Iowa","Palo Alto County","5519","8","Assigned Polling Place","No","Hand marked paper ballots and BMDs","Optical Scan",
"1914900000","Iowa","Plymouth County","15829","11","Assigned Polling Place","No","Hand marked paper ballots and BMDs","Optical Scan",
"1915100000","Iowa","Pocahontas County","4247","7","Assigned Polling Place","No","Hand marked paper ballots and BMDs","Optical Scan",
"1915300000","Iowa","Polk County","285792","176","Assigned Polling Place","No","Hand marked paper ballots and BMDs","Optical Scan",
"1915500000","Iowa","Pottawattamie County","52148","40","Assigned Polling Place","No","Hand marked paper ballots and BMDs","Optical Scan",
"1915700000","Iowa","Poweshiek County","11631","10","Assigned Polling Place","No","Hand marked paper ballots and BMDs","Optical Scan",
"1915900000","Iowa","Ringgold County","2947","7","Assigned Polling Place","No","Hand marked paper ballots and BMDs","Optical Scan",
"1916100000","Iowa","Sac County","6303","9","Assigned Polling Place","No","Hand marked paper ballots and BMDs","Optical Scan",
"1916300000","Iowa","Scott County","104026","66","Assigned Polling Place","No","Hand marked paper ballots and BMDs","Optical Scan",
"1916500000","Iowa","Shelby County","7724","11","Assigned Polling Place","No","Hand marked paper ballots and BMDs","Optical Scan",
"1916700000","Iowa","Sioux County","20970","17","Assigned Polling Place","No","Hand marked paper ballots and BMDs","Optical Scan",
"1916900000","Iowa","Story County","54098","45","Assigned Polling Place","No","Hand marked paper ballots and BMDs","Optical Scan",
"1917100000","Iowa","Tama County","9974","13","Assigned Polling Place","No","Hand marked paper ballots and BMDs","Optical Scan",
"1917300000","Iowa","Taylor County","3525","5","Assigned Polling Place","No","Hand marked paper ballots and BMDs","Optical Scan",
"1917500000","Iowa","Union County","7047","9","Assigned Polling Place","No","Hand marked paper ballots and BMDs","Optical Scan",
"1917700000","Iowa","Van Buren County","4251","4","Assigned Polling Place","No","Hand marked paper ballots and BMDs","Optical Scan",
"1917900000","Iowa","Wapello County","17592","22","Assigned Polling Place","No","Hand marked paper ballots and BMDs","Optical Scan",
"1918100000","Iowa","Warren County","34552","37","Assigned Polling Place","No","Hand marked paper ballots and BMDs","Optical Scan",
"1918300000","Iowa","Washington County","13375","10","Assigned Polling Place","No","Hand marked paper ballots and BMDs","Optical Scan",
"1918500000","Iowa","Wayne County","3449","4","Assigned Polling Place","No","Hand marked paper ballots and BMDs","Optical Scan",
"1918700000","Iowa","Webster County","20381","19","Assigned Polling Place","No","Hand marked paper ballots and BMDs","Optical Scan",
"1918900000","Iowa","Winnebago County","6786","10","Assigned Polling Place","No","Hand marked paper ballots and BMDs","Optical Scan",
"1919100000","Iowa","Winneshiek County","13070","12","Assigned Polling Place","No","Hand marked paper ballots and BMDs","Optical Scan",
"1919300000","Iowa","Woodbury County","51461","44","Assigned Polling Place","No","Hand marked paper ballots and BMDs","Optical Scan",
"1919500000","Iowa","Worth County","4901","7","Assigned Polling Place","No","Hand marked paper ballots and BMDs","Optical Scan",
"1919700000","Iowa","Wright County","6906","10","Assigned Polling Place","No","Hand marked paper ballots and BMDs","Optical Scan",
"2000100000","Kansas","Allen County","8081","21","Assigned Polling Place","No","Hand marked paper ballots and BMDs","Optical Scan",
"2000300000","Kansas","Anderson County","5163","17","Assigned Polling Place","No","Hand marked paper ballots and BMDs","Optical Scan",
"2000500000","Kansas","Atchison County","10411","19","Assigned Polling Place","No","Hand marked paper ballots and BMDs","Optical Scan",
"2000700000","Kansas","Barber County","2824","21","Assigned Polling Place","No","Hand marked paper ballots and BMDs","Optical Scan",
"2000900000","Kansas","Barton County","15621","43","Assigned Polling Place","No","Hand marked paper ballots and BMDs","Optical Scan",
"2001100000","Kansas","Bourbon County","10686","20","Assigned Polling Place","No","Hand marked paper ballots and BMDs","Optical Scan",
"2001300000","Kansas","Brown County","5993","18","Assigned Polling Place","No","Hand marked paper ballots and BMDs","Optical Scan",
"2001500000","Kansas","Butler County","42859","103","Assigned Polling Place","No","Ballot Marking Devices for all voters","Optical Scan",
"2001700000","Kansas","Chase County","1835","11","Assigned Polling Place","No","Hand marked paper ballots and BMDs","Optical Scan",
"2001900000","Kansas","Chautauqua County","2129","14","Assigned Polling Place","No","Hand marked paper ballots and BMDs","Optical Scan",
"2002100000","Kansas","Cherokee County","14476","36","Assigned Polling Place","No","Hand marked paper ballots and BMDs","Optical Scan",
"2002300000","Kansas","Cheyenne County","1828","2","Assigned Polling Place","No","Hand marked paper ballots and BMDs","Optical Scan",
"2002500000","Kansas","Clark County","1473","7","Assigned Polling Place","No","Hand marked paper ballots and BMDs","Optical Scan",
"2002700000","Kansas","Clay County","5200","22","Assigned Polling Place","No","Hand marked paper ballots and BMDs","Optical Scan",
"2002900000","Kansas","Cloud County","5360","29","Assigned Polling Place","No","Hand marked paper ballots and BMDs","Optical Scan",
"2003100000","Kansas","Coffey County","5976","22","Assigned Polling Place","No","Ballot Marking Devices for all voters","BMD/Tabulator",
"2003300000","Kansas","Comanche County","1123","4","Assigned Polling Place","No","Hand marked paper ballots and BMDs","Optical Scan",
"2003500000","Kansas","Cowley County","19019","65","Assigned Polling Place","No","Hand marked paper ballots and BMDs","Optical Scan",
"2003700000","Kansas","Crawford County","26252","56","Assigned Polling Place","No","Hand marked paper ballots and BMDs","Optical Scan",
"2003900000","Kansas","Decatur County","1949","27","Assigned Polling Place","No","Hand marked paper ballots and BMDs","Optical Scan",
"2004100000","Kansas","Dickinson County","12994","32","Assigned Polling Place","No","Hand marked paper ballots and BMDs","Optical Scan",
"2004300000","Kansas","Doniphan County","4768","13","Assigned Polling Place","No","Hand marked paper ballots and BMDs","Optical Scan",
"2004500000","Kansas","Douglas County","74082","114","Assigned Polling Place","No","Hand marked paper ballots and BMDs","Optical Scan",
"2004700000","Kansas","Edwards County","1784","15","Assigned Polling Place","No","Hand marked paper ballots and BMDs","Optical Scan",
"2004900000","Kansas","Elk County","1697","10","Assigned Polling Place","No","Hand marked paper ballots and BMDs","Optical Scan",
"2005100000","Kansas","Ellis County","18026","9","Assigned Polling Place","No","Hand marked paper ballots and BMDs","Optical Scan",
"2005300000","Kansas","Ellsworth County","3667","25","Assigned Polling Place","No","Hand marked paper ballots and BMDs","Optical Scan",
"2005500000","Kansas","Finney County","19490","71","Assigned Polling Place","No","Hand marked paper ballots and BMDs","Optical Scan",
"2005700000","Kansas","Ford County","15477","46","Assigned Polling Place","No","Ballot Marking Devices for all voters","Optical Scan",
"2005900000","Kansas","Franklin County","17642","23","Assigned Polling Place","No","Hand marked paper ballots and BMDs","Optical Scan",
"2006100000","Kansas","Geary County","14821","50","Assigned Polling Place","No","Ballot Marking Devices for all voters","Optical Scan",
"2006300000","Kansas","Gove County","1837","8","Assigned Polling Place","No","Hand marked paper ballots and BMDs","Optical Scan",
"2006500000","Kansas","Graham County","1624","18","Assigned Polling Place","No","Hand marked paper ballots and BMDs","Optical Scan",
"2006700000","Kansas","Grant County","3540","4","Assigned Polling Place","No","Ballot Marking Devices for all voters","Optical Scan",
"2006900000","Kansas","Gray County","3178","8","Assigned Polling Place","No","Hand marked paper ballots and BMDs","Optical Scan",
"2007100000","Kansas","Greeley County","820","3","Assigned Polling Place","No","Hand marked paper ballots and BMDs","Optical Scan",
"2007300000","Kansas","Greenwood County","4150","18","Assigned Polling Place","No","Hand marked paper ballots and BMDs","Optical Scan",
"2007500000","Kansas","Hamilton County","1272","12","Assigned Polling Place","No","Hand marked paper ballots and BMDs","Optical Scan",
"2007700000","Kansas","Harper County","3548","15","Assigned Polling Place","No","Hand marked paper ballots and BMDs","Optical Scan",
"2007900000","Kansas","Harvey County","21730","41","Assigned Polling Place","No","Hand marked paper ballots and BMDs","Optical Scan",
"2008100000","Kansas","Haskell County","1982","11","Assigned Polling Place","No","Hand marked paper ballots and BMDs","Optical Scan",
"2008300000","Kansas","Hodgeman County","1269","16","Assigned Polling Place","No","Hand marked paper ballots and BMDs","Optical Scan",
"2008500000","Kansas","Jackson County","8789","24","Assigned Polling Place","No","Hand marked paper ballots and BMDs","Optical Scan",
"2008700000","Kansas","Jefferson County","12709","15","Assigned Polling Place","No","Hand marked paper ballots and BMDs","Optical Scan",
"2008900000","Kansas","Jewell County","2035","25","Assigned Polling Place","No","Hand marked paper ballots and BMDs","Optical Scan",
"2009100000","Kansas","Johnson County","423131","610","Assigned Polling Place","No","Ballot Marking Devices for all voters","Optical Scan",
"2009300000","Kansas","Kearny County","2128","9","Assigned Polling Place","No","Hand marked paper ballots and BMDs","Optical Scan",
"2009500000","Kansas","Kingman County","5131","28","Assigned Polling Place","No","Hand marked paper ballots and BMDs","Optical Scan",
"2009700000","Kansas","Kiowa County","1385","5","Assigned Polling Place","No","Hand marked paper ballots and BMDs","Optical Scan",
"2009900000","Kansas","Labette County","12131","38","Assigned Polling Place","No","Hand marked paper ballots and BMDs","Optical Scan",
"2010100000","Kansas","Lane County","1105","5","Assigned Polling Place","No","Hand marked paper ballots and BMDs","Optical Scan",
"2010300000","Kansas","Leavenworth County","52075","55","Assigned Polling Place","No","Hand marked paper ballots and BMDs","Optical Scan",
"2010500000","Kansas","Lincoln County","2037","22","Assigned Polling Place","No","Ballot Marking Devices for all voters","Optical Scan",
"2010700000","Kansas","Linn County","7097","14","Assigned Polling Place","No","Hand marked paper ballots and BMDs","Optical Scan",
"2010900000","Kansas","Logan County","1844","12","Assigned Polling Place","No","Hand marked paper ballots and BMDs","Optical Scan",
"2011100000","Kansas","Lyon County","19015","37","Assigned Polling Place","No","Ballot Marking Devices for all voters","Optical Scan",
"2011500000","Kansas","Marion County","7721","31","Assigned Polling Place","No","Hand marked paper ballots and BMDs","Optical Scan",
"2011700000","Kansas","Marshall County","6741","30","Assigned Polling Place","No","Hand marked paper ballots and BMDs","Optical Scan",
"2011300000","Kansas","McPherson County","18495","39","Assigned Polling Place","No","Hand marked paper ballots and BMDs","Optical Scan",
"2011900000","Kansas","Meade County","3180","9","Assigned Polling Place","No","Hand marked paper ballots and BMDs","Optical Scan",
"2012100000","Kansas","Miami County","22928","96","Assigned Polling Place","No","Ballot Marking Devices for all voters","BMD/Tabulator",
"2012300000","Kansas","Mitchell County","4138","24","Assigned Polling Place","No","Hand marked paper ballots and BMDs","Optical Scan",
"2012500000","Kansas","Montgomery County","18032","68","Assigned Polling Place","No","Hand marked paper ballots and BMDs","Optical Scan",
"2012700000","Kansas","Morris County","3769","15","Assigned Polling Place","No","Hand marked paper ballots and BMDs","Optical Scan",
"2012900000","Kansas","Morton County","1971","11","Assigned Polling Place","No","Hand marked paper ballots and BMDs","Optical Scan",
"2013100000","Kansas","Nemaha County","7134","30","Assigned Polling Place","No","Hand marked paper ballots and BMDs","Optical Scan",
"2013300000","Kansas","Neosho County","9892","38","Assigned Polling Place","No","Hand marked paper ballots and BMDs","Optical Scan",
"2013500000","Kansas","Ness County","1801","11","Assigned Polling Place","No","Hand marked paper ballots and BMDs","Optical Scan",
"2013700000","Kansas","Norton County","3003","13","Assigned Polling Place","No","Hand marked paper ballots and BMDs","Optical Scan",
"2013900000","Kansas","Osage County","11638","24","Assigned Polling Place","No","Hand marked paper ballots and BMDs","Optical Scan",
"2014100000","Kansas","Osborne County","2460","30","Assigned Polling Place","No","Hand marked paper ballots and BMDs","Optical Scan",
"2014300000","Kansas","Ottawa County","4150","23","Assigned Polling Place","No","Hand marked paper ballots and BMDs","Optical Scan",
"2014500000","Kansas","Pawnee County","3444","32","Assigned Polling Place","No","Hand marked paper ballots and BMDs","Optical Scan",
"2014700000","Kansas","Phillips County","3722","36","Assigned Polling Place","No","Hand marked paper ballots and BMDs","Optical Scan",
"2014900000","Kansas","Pottawatomie County","17092","30","Assigned Polling Place","No","Hand marked paper ballots and BMDs","Optical Scan",
"2015100000","Kansas","Pratt County","5341","12","Assigned Polling Place","No","Hand marked paper ballots and BMDs","Optical Scan",
"2015300000","Kansas","Rawlins County","1957","17","Assigned Polling Place","No","Hand marked paper ballots and BMDs","Optical Scan",
"2015500000","Kansas","Reno County","38852","90","Assigned Polling Place","No","Hand marked paper ballots and BMDs","Optical Scan",
"2015700000","Kansas","Republic County","3333","23","Assigned Polling Place","No","Hand marked paper ballots and BMDs","Optical Scan",
"2015900000","Kansas","Rice County","5765","26","Assigned Polling Place","No","Hand marked paper ballots and BMDs","Optical Scan",
"2016100000","Kansas","Riley County","33969","99","Assigned Polling Place","No","Ballot Marking Devices for all voters","BMD/Tabulator",
"2016300000","Kansas","Rooks County","3476","8","Assigned Polling Place","No","Hand marked paper ballots and BMDs","Optical Scan",
"2016500000","Kansas","Rush County","2027","13","Assigned Polling Place","No","Hand marked paper ballots and BMDs","Optical Scan",
"2016700000","Kansas","Russell County","4279","17","Assigned Polling Place","No","Hand marked paper ballots and BMDs","Optical Scan",
"2016900000","Kansas","Saline County","34739","97","Assigned Polling Place","No","Ballot Marking Devices for all voters","Optical Scan",
"2017100000","Kansas","Scott County","3226","11","Assigned Polling Place","No","Hand marked paper ballots and BMDs","Optical Scan",
"2017300000","Kansas","Sedgwick County","318850","395","Assigned Polling Place","No","Hand marked paper ballots and BMDs","Optical Scan",
"2017500000","Kansas","Seward County","10471","22","Assigned Polling Place","No","Ballot Marking Devices for all voters","Optical Scan",
"2017700000","Kansas","Shawnee County","106928","264","Assigned Polling Place","No","Hand marked paper ballots and BMDs","Optical Scan",
"2017900000","Kansas","Sheridan County","1818","17","Assigned Polling Place","No","Hand marked paper ballots and BMDs","Optical Scan",
"2018100000","Kansas","Sherman County","3540","19","Assigned Polling Place","No","Hand marked paper ballots and BMDs","Optical Scan",
"2018300000","Kansas","Smith County","2634","28","Assigned Polling Place","No","Hand marked paper ballots and BMDs","Optical Scan",
"2018500000","Kansas","Stafford County","2491","24","Assigned Polling Place","No","Hand marked paper ballots and BMDs","Optical Scan",
"2018700000","Kansas","Stanton County","999","3","Assigned Polling Place","No","Hand marked paper ballots and BMDs","Optical Scan",
"2018900000","Kansas","Stevens County","3022","11","Assigned Polling Place","No","Hand marked paper ballots and BMDs","Optical Scan",
"2019100000","Kansas","Sumner County","13615","50","Assigned Polling Place","No","Ballot Marking Devices for all voters","Optical Scan",
"2019300000","Kansas","Thomas County","5123","18","Assigned Polling Place","No","Hand marked paper ballots and BMDs","Optical Scan",
"2019500000","Kansas","Trego County","1981","11","Assigned Polling Place","No","Hand marked paper ballots and BMDs","Optical Scan",
"2019700000","Kansas","Wabaunsee County","5104","14","Assigned Polling Place","No","Hand marked paper ballots and BMDs","Optical Scan",
"2019900000","Kansas","Wallace County","1080","7","Assigned Polling Place","No","Hand marked paper ballots and BMDs","Optical Scan",
"2020100000","Kansas","Washington County","3412","26","Assigned Polling Place","No","Hand marked paper ballots and BMDs","Optical Scan",
"2020300000","Kansas","Wichita County","1214","3","Assigned Polling Place","No","Hand marked paper ballots and BMDs","Optical Scan",
"2020500000","Kansas","Wilson County","5178","26","Assigned Polling Place","No","Hand marked paper ballots and BMDs","Optical Scan",
"2020700000","Kansas","Woodson County","1987","9","Assigned Polling Place","No","Hand marked paper ballots and BMDs","Optical Scan",
"2020900000","Kansas","Wyandotte County","84226","148","Assigned Polling Place","No","Hand marked paper ballots and BMDs","Optical Scan",
"2100100000","Kentucky","Adair County","12950","16","Assigned Polling Place","No","Hand marked paper ballots and BMDs","Optical Scan",
"2100300000","Kentucky","Allen County","14000","13","Vote Center","No","Hand marked paper ballots and BMDs","Optical Scan",
"2100500000","Kentucky","Anderson County","17599","14","Vote Center","No","Hand marked paper ballots and BMDs","Optical Scan",
"2100700000","Kentucky","Ballard County","5925","13","Assigned Polling Place","No","Hand marked paper ballots and BMDs","Optical Scan",
"2100900000","Kentucky","Barren County","29857","8","Vote Center","No","Hand marked paper ballots and BMDs","Optical Scan",
"2101100000","Kentucky","Bath County","8989","13","Assigned Polling Place","No","Hand marked paper ballots and BMDs","Optical Scan",
"2101300000","Kentucky","Bell County","18378","30","Assigned Polling Place","No","Hand marked paper ballots and DREs without VVPAT","Optical Scan and DRE",
"2101500000","Kentucky","Boone County","93986","64","Assigned Polling Place","No","Hand marked paper ballots and BMDs","Optical Scan",
"2101700000","Kentucky","Bourbon County","13608","16","Vote Center","No","Hand marked paper ballots and BMDs","Optical Scan",
"2101900000","Kentucky","Boyd County","33342","48","Vote Center","No","Hand marked paper ballots and BMDs","Optical Scan",
"2102100000","Kentucky","Boyle County","20804","6","Vote Center","No","Hand marked paper ballots and BMDs","Optical Scan",
"2102300000","Kentucky","Bracken County","6145","8","Vote Center","No","Hand marked paper ballots and BMDs","Optical Scan",
"2102500000","Kentucky","Breathitt County","10338","21","Vote Center","No","Hand marked paper ballots and BMDs","Optical Scan",
"2102700000","Kentucky","Breckinridge County","14731","16","Vote Center","No","Hand marked paper ballots and BMDs","Optical Scan",
"2102900000","Kentucky","Bullitt County","60140","47","Vote Center","No","Hand marked paper ballots and BMDs","Optical Scan",
"2103100000","Kentucky","Butler County","8865","12","Assigned Polling Place","No","Hand marked paper ballots and BMDs","Optical Scan",
"2103300000","Kentucky","Caldwell County","9262","13","Vote Centers and Assigned Polling Places","No","Hand marked paper ballots and BMDs","Optical Scan",
"2103500000","Kentucky","Calloway County","25968","23","Vote Center","No","Hand marked paper ballots and BMDs","Optical Scan",
"2103700000","Kentucky","Campbell County","66763","67","Assigned Polling Place","No","Hand marked paper ballots and BMDs","Optical Scan",
"2103900000","Kentucky","Carlisle County","3629","6","Assigned Polling Place","No","Hand marked paper ballots and BMDs","Optical Scan",
"2104100000","Kentucky","Carroll County","7111","11","Vote Center","No","Hand marked paper ballots and BMDs","Optical Scan",
"2104300000","Kentucky","Carter County","18080","28","Assigned Polling Place","No","Hand marked paper ballots and BMDs","Optical Scan",
"2104500000","Kentucky","Casey County","10454","15","Vote Center","No","Hand marked paper ballots and BMDs","Optical Scan",
"2104700000","Kentucky","Christian County","41350","41","Vote Center","No","Hand marked paper ballots and BMDs","Optical Scan",
"2104900000","Kentucky","Clark County","26862","26","Vote Centers and Assigned Polling Places","No","Hand marked paper ballots and BMDs","Optical Scan",
"2105100000","Kentucky","Clay County","13728","20","Assigned Polling Place","No","Hand marked paper ballots and BMDs","Optical Scan",
"2105300000","Kentucky","Clinton County","7181","13","Vote Center","No","Ballot Marking Devices for all voters","Optical Scan",
"2105500000","Kentucky","Crittenden County","6078","12","Assigned Polling Place","No","Hand marked paper ballots and BMDs","Optical Scan",
"2105700000","Kentucky","Cumberland County","5033","10","Vote Centers and Assigned Polling Places","No","Hand marked paper ballots and BMDs","Optical Scan",
"2105900000","Kentucky","Daviess County","71476","56","Vote Center","No","Hand marked paper ballots and BMDs","Optical Scan",
"2106100000","Kentucky","Edmonson County","9003","8","Assigned Polling Place","No","Hand marked paper ballots and BMDs","Optical Scan",
"2106300000","Kentucky","Elliott County","4803","7","Assigned Polling Place","No","Hand marked paper ballots and BMDs","Optical Scan",
"2106500000","Kentucky","Estill County","9988","15","Assigned Polling Place","No","Hand marked paper ballots and BMDs","Optical Scan",
"2106700000","Kentucky","Fayette County","210043","286","Assigned Polling Place","No","Hand marked paper ballots and BMDs","Optical Scan",
"2106900000","Kentucky","Fleming County","10296","18","Assigned Polling Place","No","Hand marked paper ballots and DREs without VVPAT","Optical Scan and DRE",
"2107100000","Kentucky","Floyd County","26632","42","Assigned Polling Place","No","Hand marked paper ballots and BMDs","Optical Scan",
"2107300000","Kentucky","Franklin County","36128","44","Vote Center","No","Hand marked paper ballots and BMDs","Optical Scan",
"2107500000","Kentucky","Fulton County","4530","11","Vote Center","No","Hand marked paper ballots and BMDs","Optical Scan",
"2107700000","Kentucky","Gallatin County","5924","5","Vote Center","No","Hand marked paper ballots and BMDs","Optical Scan",
"2107900000","Kentucky","Garrard County","12709","3","Vote Centers and Assigned Polling Places","No","Hand marked paper ballots and BMDs","Optical Scan",
"2108100000","Kentucky","Grant County","16849","3","Vote Center","No","Hand marked paper ballots and BMDs","Optical Scan",
"2108300000","Kentucky","Graves County","24323","30","Vote Center","No","Hand marked paper ballots and BMDs","Optical Scan",
"2108500000","Kentucky","Grayson County","17384","22","Assigned Polling Place","No","Hand marked paper ballots and BMDs","Optical Scan",
"2108700000","Kentucky","Green County","8273","10","Assigned Polling Place","No","Hand marked paper ballots and BMDs","Optical Scan",
"2108900000","Kentucky","Greenup County","26437","16","Vote Center","No","Hand marked paper ballots and BMDs","Optical Scan",
"2109100000","Kentucky","Hancock County","6364","10","Vote Centers and Assigned Polling Places","No","Hand marked paper ballots and DREs without VVPAT","Optical Scan and DRE",
"2109300000","Kentucky","Hardin County","75319","59","Vote Center","No","Hand marked paper ballots and BMDs","Optical Scan",
"2109500000","Kentucky","Harlan County","18423","32","Assigned Polling Place","No","Hand marked paper ballots and BMDs","Optical Scan",
"2109700000","Kentucky","Harrison County","13640","19","Assigned Polling Place","No","Hand marked paper ballots and BMDs","Optical Scan",
"2109900000","Kentucky","Hart County","13065","19","Vote Center","No","Hand marked paper ballots and BMDs","Optical Scan",
"2110100000","Kentucky","Henderson County","31413","45","Vote Center","No","Hand marked paper ballots and BMDs","Optical Scan",
"2110300000","Kentucky","Henry County","11362","20","Assigned Polling Place","No","Hand marked paper ballots and BMDs","Optical Scan",
"2110500000","Kentucky","Hickman County","3195","6","Vote Center","No","Hand marked paper ballots and BMDs","Optical Scan",
"2110700000","Kentucky","Hopkins County","31626","50","Assigned Polling Place","No","Hand marked paper ballots and BMDs","Optical Scan",
"2110900000","Kentucky","Jackson County","9526","14","Vote Center","No","Hand marked paper ballots and BMDs","Optical Scan",
"2111100000","Kentucky","Jefferson County","557621","674","Assigned Polling Place","No","Hand marked paper ballots and BMDs","Optical Scan",
"2111300000","Kentucky","Jessamine County","36325","36","Vote Center","No","Hand marked paper ballots and BMDs","Optical Scan",
"2111500000","Kentucky","Johnson County","16562","6","Vote Center","No","Hand marked paper ballots and BMDs","Optical Scan",
"2111700000","Kentucky","Kenton County","115748","70","Assigned Polling Place","No","Hand marked paper ballots and BMDs","Optical Scan",
"2111900000","Kentucky","Knott County","10335","30","Vote Center","No","Hand marked paper ballots and BMDs","Optical Scan",
"2112100000","Kentucky","Knox County","22485","30","Vote Center","No","Hand marked paper ballots and BMDs","Optical Scan",
"2112300000","Kentucky","Larue County","11447","12","Vote Centers and Assigned Polling Places","No","Hand marked paper ballots and DREs without VVPAT","Optical Scan and DRE",
"2112500000","Kentucky","Laurel County","44745","45","Vote Center","No","Ballot Marking Devices for all voters","Optical Scan",
"2112700000","Kentucky","Lawrence County","11068","18","Assigned Polling Place","No","Hand marked paper ballots and BMDs","Optical Scan",
"2112900000","Kentucky","Lee County","4783","10","Vote Center","No","Hand marked paper ballots and BMDs","Optical Scan",
"2113100000","Kentucky","Leslie County","7400","17","Assigned Polling Place","No","Hand marked paper ballots and BMDs","Optical Scan",
"2113300000","Kentucky","Letcher County","14918","30","Vote Center","No","Hand marked paper ballots and BMDs","Optical Scan",
"2113500000","Kentucky","Lewis County","9371","14","Assigned Polling Place","No","Hand marked paper ballots and BMDs","Optical Scan",
"2113700000","Kentucky","Lincoln County","17352","17","Vote Center","No","Hand marked paper ballots and BMDs","Optical Scan",
"2113900000","Kentucky","Livingston County","7114","10","Vote Center","No","Hand marked paper ballots and BMDs","Optical Scan",
"2114100000","Kentucky","Logan County","17482","20","Vote Center","No","Hand marked paper ballots and BMDs","Optical Scan",
"2114300000","Kentucky","Lyon County","5827","6","Assigned Polling Place","No","Hand marked paper ballots and BMDs","Optical Scan",
"2115100000","Kentucky","Madison County","64921","47","Vote Center","No","Ballot Marking Devices for all voters","Optical Scan",
"2115300000","Kentucky","Magoffin County","9228","14","Assigned Polling Place","No","Hand marked paper ballots and BMDs","Optical Scan",
"2115500000","Kentucky","Marion County","13076","17","Assigned Polling Place","No","Hand marked paper ballots and BMDs","Optical Scan",
"2115700000","Kentucky","Marshall County","23629","25","Assigned Polling Place","No","Hand marked paper ballots and BMDs","Optical Scan",
"2115900000","Kentucky","Martin County","7094","4","Vote Center","No","Hand marked paper ballots and BMDs","Optical Scan",
"2116100000","Kentucky","Mason County","11621","13","Vote Center","No","Hand marked paper ballots and BMDs","Optical Scan",
"2114500000","Kentucky","McCracken County","49390","54","Assigned Polling Place","No","Hand marked paper ballots and BMDs","Optical Scan",
"2114700000","Kentucky","McCreary County","10067","18","Vote Center","No","Hand marked paper ballots and BMDs","Optical Scan",
"2114900000","Kentucky","McLean County","6493","8","Assigned Polling Place","No","Hand marked paper ballots and BMDs","Optical Scan",
"2116300000","Kentucky","Meade County","20395","19","Assigned Polling Place","No","Hand marked paper ballots and BMDs","Optical Scan",
"2116500000","Kentucky","Menifee County","5002","6","Vote Center","No","Hand marked paper ballots and BMDs","Optical Scan",
"2116700000","Kentucky","Mercer County","17180","17","Assigned Polling Place","No","Hand marked paper ballots and DREs without VVPAT","Optical Scan and DRE",
"2116900000","Kentucky","Metcalfe County","7863","12","Assigned Polling Place","No","Hand marked paper ballots and BMDs","Optical Scan",
"2117100000","Kentucky","Monroe County","7947","12","Assigned Polling Place","No","Hand marked paper ballots and BMDs","Optical Scan",
"2117300000","Kentucky","Montgomery County","19100","18","Vote Center","No","Hand marked paper ballots and BMDs","Optical Scan",
"2117500000","Kentucky","Morgan County","8614","12","Assigned Polling Place","No","Hand marked paper ballots and BMDs","Optical Scan",
"2117700000","Kentucky","Muhlenberg County","21257","25","Assigned Polling Place","No","Hand marked paper ballots and BMDs","Optical Scan",
"2117900000","Kentucky","Nelson County","33050","26","Assigned Polling Place","No","Hand marked paper ballots and DREs without VVPAT","Optical Scan and DRE",
"2118100000","Kentucky","Nicholas County","5217","5","Vote Center","No","Hand marked paper ballots and BMDs","Optical Scan",
"2118300000","Kentucky","Ohio County","16239","19","Vote Center","No","Hand marked paper ballots and BMDs","Optical Scan",
"2118500000","Kentucky","Oldham County","49460","38","Vote Center","No","Hand marked paper ballots and BMDs","Optical Scan",
"2118700000","Kentucky","Owen County","7769","12","Vote Center","No","Hand marked paper ballots and BMDs","Optical Scan",
"2118900000","Kentucky","Owsley County","3333","8","Vote Center","No","Hand marked paper ballots and DREs without VVPAT","Optical Scan and DRE",
"2119100000","Kentucky","Pendleton County","9902","12","Assigned Polling Place","No","Hand marked paper ballots and BMDs","Optical Scan",
"2119300000","Kentucky","Perry County","18448","37","Vote Centers and Assigned Polling Places","No","Hand marked paper ballots and BMDs","Optical Scan",
"2119500000","Kentucky","Pike County","41710","57","Vote Center","No","Hand marked paper ballots and BMDs","Optical Scan",
"2119700000","Kentucky","Powell County","9285","11","Vote Center","No","Hand marked paper ballots and BMDs","Optical Scan",
"2119900000","Kentucky","Pulaski County","46531","56","Vote Center","No","Hand marked paper ballots and BMDs","Optical Scan",
"2120100000","Kentucky","Robertson County","1691","5","Vote Center","No","Hand marked paper ballots and BMDs","Optical Scan",
"2120300000","Kentucky","Rockcastle County","11821","15","Vote Center","No","Hand marked paper ballots and BMDs","Optical Scan",
"2120500000","Kentucky","Rowan County","15056","18","Vote Center","No","Hand marked paper ballots and BMDs","Optical Scan",
"2120700000","Kentucky","Russell County","13311","16","Assigned Polling Place","No","Hand marked paper ballots and BMDs","Optical Scan",
"2120900000","Kentucky","Scott County","40152","46","Assigned Polling Place","No","Hand marked paper ballots and BMDs","Optical Scan",
"2121100000","Kentucky","Shelby County","35311","34","Assigned Polling Place","No","Hand marked paper ballots and BMDs","Optical Scan",
"2121300000","Kentucky","Simpson County","13417","13","Vote Center","No","Hand marked paper ballots and BMDs","Optical Scan",
"2121500000","Kentucky","Spencer County","15428","14","Vote Center","No","Hand marked paper ballots and BMDs","Optical Scan",
"2121700000","Kentucky","Taylor County","17791","20","Assigned Polling Place","No","Hand marked paper ballots and BMDs","Optical Scan",
"2121900000","Kentucky","Todd County","7862","13","Assigned Polling Place","No","Hand marked paper ballots and BMDs","Optical Scan",
"2122100000","Kentucky","Trigg County","10657","15","Vote Center","No","Hand marked paper ballots and BMDs","Optical Scan",
"2122300000","Kentucky","Trimble County","6541","12","Assigned Polling Place","No","Hand marked paper ballots and BMDs","Optical Scan",
"2122500000","Kentucky","Union County","9511","16","Vote Center","No","Hand marked paper ballots and BMDs","Optical Scan",
"2122700000","Kentucky","Warren County","81471","90","Vote Center","No","Hand marked paper ballots and BMDs","Optical Scan",
"2122900000","Kentucky","Washington County","8817","14","Vote Center","No","Hand marked paper ballots and BMDs","Optical Scan",
"2123100000","Kentucky","Wayne County","14108","1","Vote Center","No","Hand marked paper ballots and DREs without VVPAT","Optical Scan and DRE",
"2123300000","Kentucky","Webster County","8610","14","Assigned Polling Place","No","Hand marked paper ballots and BMDs","Optical Scan",
"2123500000","Kentucky","Whitley County","25148","36","Vote Center","No","Hand marked paper ballots and BMDs","Optical Scan",
"2123700000","Kentucky","Wolfe County","5213","8","Assigned Polling Place","No","Hand marked paper ballots and BMDs","Optical Scan",
"2123900000","Kentucky","Woodford County","20824","19","Vote Center","No","Hand marked paper ballots and BMDs","Optical Scan",
"2200100000","Louisiana","Acadia Parish","37152","47","Assigned Polling Place","No","DREs without VVPAT for all voters","DRE",
"2200300000","Louisiana","Allen Parish","11909","34","Assigned Polling Place","No","DREs without VVPAT for all voters","DRE",
"2200500000","Louisiana","Ascension Parish","79130","69","Assigned Polling Place","No","DREs without VVPAT for all voters","DRE",
"2200700000","Louisiana","Assumption Parish","13910","30","Assigned Polling Place","No","DREs without VVPAT for all voters","DRE",
"2200900000","Louisiana","Avoyelles Parish","22669","49","Assigned Polling Place","No","DREs without VVPAT for all voters","DRE",
"2201100000","Louisiana","Beauregard Parish","22193","40","Assigned Polling Place","No","DREs without VVPAT for all voters","DRE",
"2201300000","Louisiana","Bienville Parish","8657","35","Assigned Polling Place","No","DREs without VVPAT for all voters","DRE",
"2201500000","Louisiana","Bossier Parish","68262","82","Assigned Polling Place","No","DREs without VVPAT for all voters","DRE",
"2201700000","Louisiana","Caddo Parish","146103","149","Assigned Polling Place","No","DREs without VVPAT for all voters","DRE",
"2201900000","Louisiana","Calcasieu Parish","114920","123","Assigned Polling Place","No","DREs without VVPAT for all voters","DRE",
"2202100000","Louisiana","Caldwell Parish","5854","28","Assigned Polling Place","No","DREs without VVPAT for all voters","DRE",
"2202300000","Louisiana","Cameron Parish","4568","14","Assigned Polling Place","No","DREs without VVPAT for all voters","DRE",
"2202500000","Louisiana","Catahoula Parish","6350","28","Assigned Polling Place","No","DREs without VVPAT for all voters","DRE",
"2202700000","Louisiana","Claiborne Parish","8461","25","Assigned Polling Place","No","DREs without VVPAT for all voters","DRE",
"2202900000","Louisiana","Concordia Parish","11710","26","Assigned Polling Place","No","DREs without VVPAT for all voters","DRE",
"2203100000","Louisiana","De Soto Parish","18595","53","Assigned Polling Place","No","DREs without VVPAT for all voters","DRE",
"2203300000","Louisiana","East Baton Rouge Parish","274747","328","Assigned Polling Place","No","DREs without VVPAT for all voters","DRE",
"2203500000","Louisiana","East Carroll Parish","4684","17","Assigned Polling Place","No","DREs without VVPAT for all voters","DRE",
"2203700000","Louisiana","East Feliciana Parish","13428","23","Assigned Polling Place","No","DREs without VVPAT for all voters","DRE",
"2203900000","Louisiana","Evangeline Parish","20625","56","Assigned Polling Place","No","DREs without VVPAT for all voters","DRE",
"2204100000","Louisiana","Franklin Parish","12946","24","Assigned Polling Place","No","DREs without VVPAT for all voters","DRE",
"2204300000","Louisiana","Grant Parish","12540","32","Assigned Polling Place","No","DREs without VVPAT for all voters","DRE",
"2204500000","Louisiana","Iberia Parish","42924","74","Assigned Polling Place","No","DREs without VVPAT for all voters","DRE",
"2204700000","Louisiana","Iberville Parish","20236","32","Assigned Polling Place","No","DREs without VVPAT for all voters","DRE",
"2204900000","Louisiana","Jackson Parish","9401","31","Assigned Polling Place","No","DREs without VVPAT for all voters","DRE",
"2205100000","Louisiana","Jefferson Parish","258090","273","Assigned Polling Place","No","DREs without VVPAT for all voters","DRE",
"2205300000","Louisiana","Jefferson Davis Parish","19813","31","Assigned Polling Place","No","DREs without VVPAT for all voters","DRE",
"2205900000","Louisiana","La Salle Parish","8612","26","Assigned Polling Place","No","DREs without VVPAT for all voters","DRE",
"2205500000","Louisiana","Lafayette Parish","152468","127","Assigned Polling Place","No","DREs without VVPAT for all voters","DRE",
"2205700000","Louisiana","Lafourche Parish","54954","72","Assigned Polling Place","No","DREs without VVPAT for all voters","DRE",
"2206100000","Louisiana","Lincoln Parish","25056","59","Assigned Polling Place","No","DREs without VVPAT for all voters","DRE",
"2206300000","Louisiana","Livingston Parish","82584","79","Assigned Polling Place","No","DREs without VVPAT for all voters","DRE",
"2206500000","Louisiana","Madison Parish","7181","26","Assigned Polling Place","No","DREs without VVPAT for all voters","DRE",
"2206700000","Louisiana","Morehouse Parish","16457","30","Assigned Polling Place","No","DREs without VVPAT for all voters","DRE",
"2206900000","Louisiana","Natchitoches Parish","22436","50","Assigned Polling Place","No","DREs without VVPAT for all voters","DRE",
"2207100000","Louisiana","Orleans Parish","252106","351","Assigned Polling Place","No","DREs without VVPAT for all voters","DRE",
"2207300000","Louisiana","Ouachita Parish","98160","87","Assigned Polling Place","No","DREs without VVPAT for all voters","DRE",
"2207500000","Louisiana","Plaquemines Parish","13664","21","Assigned Polling Place","No","DREs without VVPAT for all voters","DRE",
"2207700000","Louisiana","Pointe Coupee Parish","14345","27","Assigned Polling Place","No","DREs without VVPAT for all voters","DRE",
"2207900000","Louisiana","Rapides Parish","77866","113","Assigned Polling Place","No","DREs without VVPAT for all voters","DRE",
"2208100000","Louisiana","Red River Parish","5585","18","Assigned Polling Place","No","DREs without VVPAT for all voters","DRE",
"2208300000","Louisiana","Richland Parish","13557","23","Assigned Polling Place","No","DREs without VVPAT for all voters","DRE",
"2208500000","Louisiana","Sabine Parish","13703","39","Assigned Polling Place","No","DREs without VVPAT for all voters","DRE",
"2208700000","Louisiana","St. Bernard Parish","25444","31","Assigned Polling Place","No","DREs without VVPAT for all voters","DRE",
"2208900000","Louisiana","St. Charles Parish","34180","43","Assigned Polling Place","No","DREs without VVPAT for all voters","DRE",
"2209100000","Louisiana","St. Helena Parish","8236","11","Assigned Polling Place","No","DREs without VVPAT for all voters","DRE",
"2209300000","Louisiana","St. James Parish","14628","19","Assigned Polling Place","No","DREs without VVPAT for all voters","DRE",
"2209500000","Louisiana","St. John the Baptist Parish","27895","28","Assigned Polling Place","No","DREs without VVPAT for all voters","DRE",
"2209700000","Louisiana","St. Landry Parish","53182","94","Assigned Polling Place","No","DREs without VVPAT for all voters","DRE",
"2209900000","Louisiana","St. Martin Parish","34154","43","Assigned Polling Place","No","DREs without VVPAT for all voters","DRE",
"2210100000","Louisiana","St. Mary Parish","29094","45","Assigned Polling Place","No","DREs without VVPAT for all voters","DRE",
"2210300000","Louisiana","St. Tammany Parish","177055","170","Assigned Polling Place","No","DREs without VVPAT for all voters","DRE",
"2210500000","Louisiana","Tangipahoa Parish","72466","84","Assigned Polling Place","No","DREs without VVPAT for all voters","DRE",
"2210700000","Louisiana","Tensas Parish","3426","18","Assigned Polling Place","No","DREs without VVPAT for all voters","DRE",
"2210900000","Louisiana","Terrebonne Parish","58461","80","Assigned Polling Place","No","DREs without VVPAT for all voters","DRE",
"2211100000","Louisiana","Union Parish","14961","33","Assigned Polling Place","No","DREs without VVPAT for all voters","DRE",
"2211300000","Louisiana","Vermilion Parish","36460","55","Assigned Polling Place","No","DREs without VVPAT for all voters","DRE",
"2211500000","Louisiana","Vernon Parish","23416","73","Assigned Polling Place","No","DREs without VVPAT for all voters","DRE",
"2211700000","Louisiana","Washington Parish","27522","41","Assigned Polling Place","No","DREs without VVPAT for all voters","DRE",
"2211900000","Louisiana","Webster Parish","22176","49","Assigned Polling Place","No","DREs without VVPAT for all voters","DRE",
"2212100000","Louisiana","West Baton Rouge Parish","16715","35","Assigned Polling Place","No","DREs without VVPAT for all voters","DRE",
"2212300000","Louisiana","West Carroll Parish","6916","23","Assigned Polling Place","No","DREs without VVPAT for all voters","DRE",
"2212500000","Louisiana","West Feliciana Parish","7331","30","Assigned Polling Place","No","DREs without VVPAT for all voters","DRE",
"2212700000","Louisiana","Winn Parish","8265","31","Assigned Polling Place","No","DREs without VVPAT for all voters","DRE",
"2300102060","Maine","City of Auburn (Androscoggin County)","13793","5","Assigned Polling Place","No","Hand marked paper ballots and BMDs","Optical Scan",
"2300119105","Maine","Town of Durham (Androscoggin County)","3115","1","Assigned Polling Place","No","Hand marked paper ballots and BMDs","Optical Scan",
"2300129255","Maine","Town of Greene (Androscoggin County)","2926","1","Assigned Polling Place","No","Hand marked paper ballots and BMDs","Optical Scan",
"2300138565","Maine","Town of Leeds (Androscoggin County)","1482","1","Assigned Polling Place","No","Hand marked paper ballots and BMDs","Optical Scan",
"2300138740","Maine","City of Lewiston (Androscoggin County)","20573","7","Assigned Polling Place","No","Hand marked paper ballots and BMDs","Optical Scan",
"2300140035","Maine","Town of Lisbon (Androscoggin County)","5893","1","Assigned Polling Place","No","Hand marked paper ballots and BMDs","Optical Scan",
"2300140665","Maine","Town of Livermore (Androscoggin County)","1565","1","Assigned Polling Place","No","Hand marked paper ballots and BMDs","Optical Scan",
"2300140770","Maine","Town of Livermore Falls (Androscoggin County)","1564","1","Assigned Polling Place","No","Hand marked paper ballots and BMDs","Optical Scan",
"2300144585","Maine","Town of Mechanic Falls (Androscoggin County)","1887","1","Assigned Polling Place","No","Hand marked paper ballots and BMDs","Optical Scan",
"2300146160","Maine","Town of Minot (Androscoggin County)","1918","1","Assigned Polling Place","No","Hand marked paper ballots and BMDs","Optical Scan",
"2300160020","Maine","Town of Poland (Androscoggin County)","3900","1","Assigned Polling Place","No","Hand marked paper ballots and BMDs","Optical Scan",
"2300164570","Maine","Town of Sabattus (Androscoggin County)","3201","1","Assigned Polling Place","No","Hand marked paper ballots and BMDs","Optical Scan",
"2300177800","Maine","Town of Turner (Androscoggin County)","3916","1","Assigned Polling Place","No","Hand marked paper ballots and BMDs","Optical Scan",
"2300179585","Maine","Town of Wales (Androscoggin County)","1008","1","Assigned Polling Place","No","Hand marked paper ballots and BMDs","Optical Scan",
"2300300800","Maine","Town of Allagash (Aroostook County)","188","1","Assigned Polling Place","No","Hand marked paper ballots and BMDs","Hand Count and Optical Scan",
"2300301220","Maine","Town of Amity (Aroostook County)","156","1","Assigned Polling Place","No","Hand marked paper ballots and BMDs","Hand Count and Optical Scan",
"2300301710","Maine","Town of Ashland (Aroostook County)","722","1","Assigned Polling Place","No","Hand marked paper ballots and BMDs","Hand Count and Optical Scan",
"2300305385","Maine","Town of Blaine (Aroostook County)","464","1","Assigned Polling Place","No","Hand marked paper ballots and BMDs","Hand Count and Optical Scan",
"2300307065","Maine","Town of Bridgewater (Aroostook County)","343","1","Assigned Polling Place","No","Hand marked paper ballots and BMDs","Hand Count and Optical Scan",
"2300310565","Maine","City of Caribou (Aroostook County)","4331","1","Assigned Polling Place","No","Hand marked paper ballots and BMDs","Hand Count and Optical Scan",
"2300311300","Maine","Town of Castle Hill (Aroostook County)","275","1","Assigned Polling Place","No","Hand marked paper ballots and BMDs","Hand Count and Optical Scan",
"2300311335","Maine","Town of Caswell (Aroostook County)","163","1","Assigned Polling Place","No","Hand marked paper ballots and BMDs","Hand Count and Optical Scan",
"2300312000","Maine","Town of Chapman (Aroostook County)","304","1","Assigned Polling Place","No","Hand marked paper ballots and BMDs","Hand Count and Optical Scan",
"2300313900","Maine","Connor Township (Aroostook County)","243","1","Assigned Polling Place","No","Hand marked paper ballots and BMDs","Hand Count and Optical Scan",
"2300315395","Maine","Town of Crystal (Aroostook County)","174","1","Assigned Polling Place","No","Hand marked paper ballots and BMDs","Hand Count and Optical Scan",
"2300315990","Maine","Cyr Plantation (Aroostook County)","63","1","Assigned Polling Place","No","Hand marked paper ballots and BMDs","Hand Count and Optical Scan",
"2300319210","Maine","Town of Dyer Brook (Aroostook County)","176","1","Assigned Polling Place","No","Hand marked paper ballots and BMDs","Hand Count and Optical Scan",
"2300319420","Maine","Town of Eagle Lake (Aroostook County)","600","1","Assigned Polling Place","No","Hand marked paper ballots and BMDs","Hand Count and Optical Scan",
"2300321380","Maine","Town of Easton (Aroostook County)","788","1","Assigned Polling Place","No","Hand marked paper ballots and BMDs","Hand Count and Optical Scan",
"2300325615","Maine","Town of Fort Fairfield (Aroostook County)","2008","1","Assigned Polling Place","No","Hand marked paper ballots and BMDs","Hand Count and Optical Scan",
"2300325755","Maine","Town of Fort Kent (Aroostook County)","2590","1","Assigned Polling Place","No","Hand marked paper ballots and BMDs","Hand Count and Optical Scan",
"2300326735","Maine","Town of Frenchville (Aroostook County)","692","1","Assigned Polling Place","No","Hand marked paper ballots and BMDs","Hand Count and Optical Scan",
"2300327120","Maine","Garfield Plantation (Aroostook County)","59","1","Assigned Polling Place","No","Hand marked paper ballots and BMDs","Hand Count and Optical Scan",
"2300327855","Maine","Glenwood Plantation (Aroostook County)","3","1","Assigned Polling Place","No","Hand marked paper ballots and BMDs","Hand Count and Optical Scan",
"2300328590","Maine","Town of Grand Isle (Aroostook County)","278","1","Assigned Polling Place","No","Hand marked paper ballots and BMDs","Hand Count and Optical Scan",
"2300330690","Maine","Town of Hamlin (Aroostook County)","119","1","Assigned Polling Place","No","Hand marked paper ballots and BMDs","Hand Count and Optical Scan",
"2300330725","Maine","Town of Hammond (Aroostook County)","56","1","Assigned Polling Place","No","Hand marked paper ballots and BMDs","Hand Count and Optical Scan",
"2300332195","Maine","Town of Haynesville (Aroostook County)","79","1","Assigned Polling Place","No","Hand marked paper ballots and BMDs","Hand Count and Optical Scan",
"2300332685","Maine","Town of Hersey (Aroostook County)","50","1","Assigned Polling Place","No","Hand marked paper ballots and BMDs","Hand Count and Optical Scan",
"2300333385","Maine","Town of Hodgdon (Aroostook County)","922","1","Assigned Polling Place","No","Hand marked paper ballots and BMDs","Hand Count and Optical Scan",
"2300333980","Maine","Town of Houlton (Aroostook County)","3113","1","Assigned Polling Place","No","Hand marked paper ballots and BMDs","Hand Count and Optical Scan",
"2300335065","Maine","Town of Island Falls (Aroostook County)","509","1","Assigned Polling Place","No","Hand marked paper ballots and BMDs","Hand Count and Optical Scan",
"2300339300","Maine","Town of Limestone (Aroostook County)","1003","1","Assigned Polling Place","No","Hand marked paper ballots and BMDs","Hand Count and Optical Scan",
"2300339965","Maine","Town of Linneus (Aroostook County)","589","1","Assigned Polling Place","No","Hand marked paper ballots and BMDs","Hand Count and Optical Scan",
"2300340595","Maine","Town of Littleton (Aroostook County)","601","1","Assigned Polling Place","No","Hand marked paper ballots and BMDs","Hand Count and Optical Scan",
"2300341715","Maine","Town of Ludlow (Aroostook County)","285","1","Assigned Polling Place","No","Hand marked paper ballots and BMDs","Hand Count and Optical Scan",
"2300342450","Maine","Macwahoc Plantation (Aroostook County)","48","1","Assigned Polling Place","No","Hand marked paper ballots and BMDs","Hand Count and Optical Scan",
"2300342520","Maine","Town of Madawaska (Aroostook County)","2455","1","Assigned Polling Place","No","Hand marked paper ballots and BMDs","Hand Count and Optical Scan",
"2300373472","Maine","Madawaska Lake Township (Aroostook County)","115","1","Assigned Polling Place","No","Hand marked paper ballots and BMDs","Hand Count and Optical Scan",
"2300343255","Maine","Town of Mapleton (Aroostook County)","1274","1","Assigned Polling Place","No","Hand marked paper ballots and BMDs","Hand Count and Optical Scan",
"2300343710","Maine","Town of Mars Hill (Aroostook County)","830","1","Assigned Polling Place","No","Hand marked paper ballots and BMDs","Hand Count and Optical Scan",
"2300343990","Maine","Town of Masardis (Aroostook County)","144","1","Assigned Polling Place","No","Hand marked paper ballots and BMDs","Hand Count and Optical Scan",
"2300345180","Maine","Town of Merrill (Aroostook County)","163","1","Assigned Polling Place","No","Hand marked paper ballots and BMDs","Hand Count and Optical Scan",
"2300346685","Maine","Town of Monticello (Aroostook County)","474","1","Assigned Polling Place","No","Hand marked paper ballots and BMDs","Hand Count and Optical Scan",
"2300347175","Maine","Moro Plantation (Aroostook County)","33","1","Assigned Polling Place","No","Hand marked paper ballots and BMDs","Hand Count and Optical Scan",
"2300348120","Maine","Nashville Plantation (Aroostook County)","25","1","Assigned Polling Place","No","Hand marked paper ballots and BMDs","Hand Count and Optical Scan",
"2300348575","Maine","Town of New Canada (Aroostook County)","362","1","Assigned Polling Place","No","Hand marked paper ballots and BMDs","Hand Count and Optical Scan",
"2300348960","Maine","Town of New Limerick (Aroostook County)","396","1","Assigned Polling Place","No","Hand marked paper ballots and BMDs","Hand Count and Optical Scan",
"2300349415","Maine","Town of New Sweden (Aroostook County)","433","1","Assigned Polling Place","No","Hand marked paper ballots and BMDs","Hand Count and Optical Scan",
"2300354385","Maine","Town of Oakfield (Aroostook County)","465","1","Assigned Polling Place","No","Hand marked paper ballots and BMDs","Hand Count and Optical Scan",
"2300355435","Maine","Town of Orient (Aroostook County)","113","1","Assigned Polling Place","No","Hand marked paper ballots and BMDs","Hand Count and Optical Scan",
"2300356205","Maine","Oxbow Plantation (Aroostook County)","50","1","Assigned Polling Place","No","Hand marked paper ballots and BMDs","Hand Count and Optical Scan",
"2300358060","Maine","Town of Perham (Aroostook County)","263","1","Assigned Polling Place","No","Hand marked paper ballots and BMDs","Hand Count and Optical Scan",
"2300360300","Maine","Town of Portage Lake (Aroostook County)","298","1","Assigned Polling Place","No","Hand marked paper ballots and BMDs","Hand Count and Optical Scan",
"2300360825","Maine","City of Presque Isle (Aroostook County)","4890","1","Assigned Polling Place","No","Hand marked paper ballots and BMDs","Hand Count and Optical Scan",
"2300362400","Maine","Reed Plantation (Aroostook County)","93","1","Assigned Polling Place","No","Hand marked paper ballots and BMDs","Hand Count and Optical Scan",
"2300364780","Maine","Town of Saint Agatha (Aroostook County)","763","1","Assigned Polling Place","No","Hand marked paper ballots and BMDs","Hand Count and Optical Scan",
"2300365025","Maine","Town of Saint Francis (Aroostook County)","292","1","Assigned Polling Place","No","Hand marked paper ballots and BMDs","Hand Count and Optical Scan",
"2300365200","Maine","Saint John Plantation (Aroostook County)","178","1","Assigned Polling Place","No","Hand marked paper ballots and BMDs","Hand Count and Optical Scan",
"2300367790","Maine","Town of Sherman (Aroostook County)","702","1","Assigned Polling Place","No","Hand marked paper ballots and BMDs","Hand Count and Optical Scan",
"2300369260","Maine","Town of Smyrna (Aroostook County)","178","1","Assigned Polling Place","No","Hand marked paper ballots and BMDs","Hand Count and Optical Scan",
"2300374405","Maine","Town of Stockholm (Aroostook County)","187","1","Assigned Polling Place","No","Hand marked paper ballots and BMDs","Hand Count and Optical Scan",
"2300378570","Maine","Town of Van Buren (Aroostook County)","1071","1","Assigned Polling Place","No","Hand marked paper ballots and BMDs","Hand Count and Optical Scan",
"2300379270","Maine","Town of Wade (Aroostook County)","169","1","Assigned Polling Place","No","Hand marked paper ballots and BMDs","Hand Count and Optical Scan",
"2300379865","Maine","Town of Wallagrass (Aroostook County)","317","1","Assigned Polling Place","No","Hand marked paper ballots and BMDs","Hand Count and Optical Scan",
"2300380285","Maine","Town of Washburn (Aroostook County)","894","1","Assigned Polling Place","No","Hand marked paper ballots and BMDs","Hand Count and Optical Scan",
"2300382770","Maine","Town of Westfield (Aroostook County)","295","1","Assigned Polling Place","No","Hand marked paper ballots and BMDs","Hand Count and Optical Scan",
"2300383540","Maine","Town of Westmanland (Aroostook County)","68","1","Assigned Polling Place","No","Hand marked paper ballots and BMDs","Hand Count and Optical Scan",
"2300383785","Maine","Town of Weston (Aroostook County)","228","1","Assigned Polling Place","No","Hand marked paper ballots and BMDs","Hand Count and Optical Scan",
"2300386865","Maine","Winterville Plantation (Aroostook County)","165","1","Assigned Polling Place","No","Hand marked paper ballots and BMDs","Hand Count and Optical Scan",
"2300387215","Maine","Town of Woodland (Aroostook County)","774","1","Assigned Polling Place","No","Hand marked paper ballots and BMDs","Hand Count and Optical Scan",
"2300502655","Maine","Town of Baldwin (Cumberland County)","1129","1","Assigned Polling Place","No","Hand marked paper ballots and BMDs","Hand Count and Optical Scan",
"2300507170","Maine","Town of Bridgton (Cumberland County)","3945","1","Assigned Polling Place","No","Hand marked paper ballots and BMDs","Hand Count and Optical Scan",
"2300508430","Maine","Town of Brunswick (Cumberland County)","16655","1","Assigned Polling Place","No","Hand marked paper ballots and BMDs","Hand Count and Optical Scan",
"2300510180","Maine","Town of Cape Elizabeth (Cumberland County)","7760","1","Assigned Polling Place","No","Hand marked paper ballots and BMDs","Hand Count and Optical Scan",
"2300511125","Maine","Town of Casco (Cumberland County)","2573","1","Assigned Polling Place","No","Hand marked paper ballots and BMDs","Hand Count and Optical Scan",
"2309999902","Maine","Chebeague Island Township","373","1","Assigned Polling Place","No","Hand marked paper ballots and BMDs","Hand Count and Optical Scan",
"2300515430","Maine","Town of Cumberland (Cumberland County)","6748","1","Assigned Polling Place","No","Hand marked paper ballots and BMDs","Hand Count and Optical Scan",
"2300524495","Maine","Town of Falmouth (Cumberland County)","9993","1","Assigned Polling Place","No","Hand marked paper ballots and BMDs","Hand Count and Optical Scan",
"2300526525","Maine","Town of Freeport (Cumberland County)","6776","1","Assigned Polling Place","No","Hand marked paper ballots and BMDs","Hand Count and Optical Scan",
"2300527025","Maine","Town of Frye Island (Cumberland County)","90","1","Assigned Polling Place","No","Hand marked paper ballots and BMDs","Hand Count and Optical Scan",
"2300528240","Maine","Town of Gorham (Cumberland County)","12779","3","Assigned Polling Place","No","Hand marked paper ballots and BMDs","Hand Count and Optical Scan",
"2300528870","Maine","Town of Gray (Cumberland County)","6038","1","Assigned Polling Place","No","Hand marked paper ballots and BMDs","Hand Count and Optical Scan",
"2300531390","Maine","Town of Harpswell (Cumberland County)","4310","3","Assigned Polling Place","No","Hand marked paper ballots and BMDs","Hand Count and Optical Scan",
"2300531600","Maine","Town of Harrison (Cumberland County)","1789","1","Assigned Polling Place","No","Hand marked paper ballots and BMDs","Hand Count and Optical Scan",
"2300541067","Maine","Town of Long Island (Cumberland County)","216","1","Assigned Polling Place","No","Hand marked paper ballots and BMDs","Hand Count and Optical Scan",
"2300548085","Maine","Town of Naples (Cumberland County)","2935","1","Assigned Polling Place","No","Hand marked paper ballots and BMDs","Hand Count and Optical Scan",
"2300548820","Maine","Town of New Gloucester (Cumberland County)","4031","1","Assigned Polling Place","No","Hand marked paper ballots and BMDs","Hand Count and Optical Scan",
"2300553860","Maine","Town of North Yarmouth (Cumberland County)","3315","1","Assigned Polling Place","No","Hand marked paper ballots and BMDs","Hand Count and Optical Scan",
"2300560545","Maine","City of Portland (Cumberland County)","49026","11","Assigned Polling Place","No","Hand marked paper ballots and BMDs","Hand Count and Optical Scan",
"2300560685","Maine","Town of Pownal (Cumberland County)","1315","1","Assigned Polling Place","No","Hand marked paper ballots and BMDs","Hand Count and Optical Scan",
"2300561945","Maine","Town of Raymond (Cumberland County)","3435","1","Assigned Polling Place","No","Hand marked paper ballots and BMDs","Hand Count and Optical Scan",
"2300566145","Maine","Town of Scarborough (Cumberland County)","16860","1","Assigned Polling Place","No","Hand marked paper ballots and BMDs","Hand Count and Optical Scan",
"2300566775","Maine","Town of Sebago (Cumberland County)","1435","1","Assigned Polling Place","No","Hand marked paper ballots and BMDs","Hand Count and Optical Scan",
"2300571990","Maine","City of South Portland (Cumberland County)","18510","5","Assigned Polling Place","No","Hand marked paper ballots and BMDs","Hand Count and Optical Scan",
"2300573670","Maine","Town of Standish (Cumberland County)","6778","1","Assigned Polling Place","No","Hand marked paper ballots and BMDs","Hand Count and Optical Scan",
"2300582105","Maine","City of Westbrook (Cumberland County)","12594","1","Assigned Polling Place","No","Hand marked paper ballots and BMDs","Hand Count and Optical Scan",
"2300586025","Maine","Town of Windham (Cumberland County)","12722","1","Assigned Polling Place","No","Hand marked paper ballots and BMDs","Hand Count and Optical Scan",
"2300587845","Maine","Town of Yarmouth (Cumberland County)","7069","1","Assigned Polling Place","No","Hand marked paper ballots and BMDs","Hand Count and Optical Scan",
"2300702235","Maine","Town of Avon (Franklin County)","307","1","Assigned Polling Place","No","Hand marked paper ballots and BMDs","Hand Count and Optical Scan",
"2300710740","Maine","Town of Carrabassett Valley (Franklin County)","629","1","Assigned Polling Place","No","Hand marked paper ballots and BMDs","Hand Count and Optical Scan",
"2300710915","Maine","Town of Carthage (Franklin County)","381","1","Assigned Polling Place","No","Hand marked paper ballots and BMDs","Hand Count and Optical Scan",
"2300712595","Maine","Town of Chesterville (Franklin County)","914","1","Assigned Polling Place","No","Hand marked paper ballots and BMDs","Hand Count and Optical Scan",
"2300714205","Maine","Coplin Plantation (Franklin County)","135","1","Assigned Polling Place","No","Hand marked paper ballots and BMDs","Hand Count and Optical Scan",
"2300716165","Maine","Dallas Plantation (Franklin County)","244","1","Assigned Polling Place","No","Hand marked paper ballots and BMDs","Hand Count and Optical Scan",
"2300724005","Maine","Town of Eustis (Franklin County)","580","1","Assigned Polling Place","No","Hand marked paper ballots and BMDs","Hand Count and Optical Scan",
"2300724775","Maine","Town of Farmington (Franklin County)","4869","1","Assigned Polling Place","No","Hand marked paper ballots and BMDs","Hand Count and Optical Scan",
"2300734820","Maine","Town of Industry (Franklin County)","573","1","Assigned Polling Place","No","Hand marked paper ballots and BMDs","Hand Count and Optical Scan",
"2300735625","Maine","Town of Jay (Franklin County)","2949","1","Assigned Polling Place","No","Hand marked paper ballots and BMDs","Hand Count and Optical Scan",
"2300737025","Maine","Town of Kingfield (Franklin County)","1025","1","Assigned Polling Place","No","Hand marked paper ballots and BMDs","Hand Count and Optical Scan",
"2300749345","Maine","Town of New Sharon (Franklin County)","1075","1","Assigned Polling Place","No","Hand marked paper ballots and BMDs","Hand Count and Optical Scan",
"2300749520","Maine","Town of New Vineyard (Franklin County)","539","1","Assigned Polling Place","No","Hand marked paper ballots and BMDs","Hand Count and Optical Scan",
"2300758445","Maine","Town of Phillips (Franklin County)","786","1","Assigned Polling Place","No","Hand marked paper ballots and BMDs","Hand Count and Optical Scan",
"2300761840","Maine","Town of Rangeley (Franklin County)","945","1","Assigned Polling Place","No","Hand marked paper ballots and BMDs","Hand Count and Optical Scan",
"2300761875","Maine","Rangeley Plantation (Franklin County)","197","1","Assigned Polling Place","No","Hand marked paper ballots and BMDs","Hand Count and Optical Scan",
"2300765655","Maine","Sandy River Plantation (Franklin County)","129","1","Assigned Polling Place","No","Hand marked paper ballots and BMDs","Hand Count and Optical Scan",
"2300774825","Maine","Town of Strong (Franklin County)","931","1","Assigned Polling Place","No","Hand marked paper ballots and BMDs","Hand Count and Optical Scan",
"2300775980","Maine","Town of Temple (Franklin County)","389","1","Assigned Polling Place","No","Hand marked paper ballots and BMDs","Hand Count and Optical Scan",
"2300781300","Maine","Town of Weld (Franklin County)","352","1","Assigned Polling Place","No","Hand marked paper ballots and BMDs","Hand Count and Optical Scan",
"2300785850","Maine","Town of Wilton (Franklin County)","2550","1","Assigned Polling Place","No","Hand marked paper ballots and BMDs","Hand Count and Optical Scan",
"2300901185","Maine","Town of Amherst (Hancock County)","216","1","Assigned Polling Place","No","Hand marked paper ballots and BMDs","Hand Count and Optical Scan",
"2300902165","Maine","Town of Aurora (Hancock County)","84","1","Assigned Polling Place","No","Hand marked paper ballots and BMDs","Hand Count and Optical Scan",
"2300902865","Maine","Town of Bar Harbor (Hancock County)","4073","1","Assigned Polling Place","No","Hand marked paper ballots and BMDs","Hand Count and Optical Scan",
"2300905700","Maine","Town of Blue Hill (Hancock County)","2288","1","Assigned Polling Place","No","Hand marked paper ballots and BMDs","Hand Count and Optical Scan",
"2300907800","Maine","Town of Brooklin (Hancock County)","704","1","Assigned Polling Place","No","Hand marked paper ballots and BMDs","Hand Count and Optical Scan",
"2300907975","Maine","Town of Brooksville (Hancock County)","799","1","Assigned Polling Place","No","Hand marked paper ballots and BMDs","Hand Count and Optical Scan",
"2300908815","Maine","Town of Bucksport (Hancock County)","3262","1","Assigned Polling Place","No","Hand marked paper ballots and BMDs","Hand Count and Optical Scan",
"2300911265","Maine","Town of Castine (Hancock County)","631","1","Assigned Polling Place","No","Hand marked paper ballots and BMDs","Hand Count and Optical Scan",
"2300914905","Maine","Town of Cranberry Isle (Hancock County)","157","2","Assigned Polling Place","No","Hand marked paper ballots and BMDs","Hand Count and Optical Scan",
"2300916935","Maine","Town of Dedham (Hancock County)","1304","1","Assigned Polling Place","No","Hand marked paper ballots and BMDs","Hand Count and Optical Scan",
"2300917145","Maine","Town of Deer Isle (Hancock County)","1521","1","Assigned Polling Place","No","Hand marked paper ballots and BMDs","Hand Count and Optical Scan",
"2300919770","Maine","Town of Eastbrook (Hancock County)","276","1","Assigned Polling Place","No","Hand marked paper ballots and BMDs","Hand Count and Optical Scan",
"2300923200","Maine","City of Ellsworth (Hancock County)","5553","4","Assigned Polling Place","No","Hand marked paper ballots and BMDs","Hand Count and Optical Scan",
"2300926350","Maine","Town of Franklin (Hancock County)","1012","1","Assigned Polling Place","No","Hand marked paper ballots and BMDs","Hand Count and Optical Scan",
"2300926595","Maine","Town of Frenchboro (Hancock County)","39","1","Assigned Polling Place","No","Hand marked paper ballots and BMDs","Hand Count and Optical Scan",
"2300928450","Maine","Town of Gouldsboro (Hancock County)","1310","1","Assigned Polling Place","No","Hand marked paper ballots and BMDs","Hand Count and Optical Scan",
"2300928975","Maine","Town of Great Pond (Hancock County)","45","1","Assigned Polling Place","No","Hand marked paper ballots and BMDs","Hand Count and Optical Scan",
"2300930970","Maine","Town of Hancock (Hancock County)","1669","1","Assigned Polling Place","No","Hand marked paper ballots and BMDs","Hand Count and Optical Scan",
"2300938180","Maine","Town of Lamoine (Hancock County)","1327","1","Assigned Polling Place","No","Hand marked paper ballots and BMDs","Hand Count and Optical Scan",
"2300943430","Maine","Town of Mariaville (Hancock County)","370","1","Assigned Polling Place","No","Hand marked paper ballots and BMDs","Hand Count and Optical Scan",
"2300947630","Maine","Town of Mount Desert (Hancock County)","1706","1","Assigned Polling Place","No","Hand marked paper ballots and BMDs","Hand Count and Optical Scan",
"2300955505","Maine","Town of Orland (Hancock County)","1590","1","Assigned Polling Place","No","Hand marked paper ballots and BMDs","Hand Count and Optical Scan",
"2300955855","Maine","Town of Osborn (Hancock County)","47","1","Assigned Polling Place","No","Hand marked paper ballots and BMDs","Hand Count and Optical Scan",
"2300955890","Maine","Town of Otis (Hancock County)","548","1","Assigned Polling Place","No","Hand marked paper ballots and BMDs","Hand Count and Optical Scan",
"2300957920","Maine","Town of Penobscot (Hancock County)","966","1","Assigned Polling Place","No","Hand marked paper ballots and BMDs","Hand Count and Optical Scan",
"2300967300","Maine","Town of Sedgwick (Hancock County)","969","1","Assigned Polling Place","No","Hand marked paper ballots and BMDs","Hand Count and Optical Scan",
"2300969750","Maine","Town of Sorrento (Hancock County)","229","1","Assigned Polling Place","No","Hand marked paper ballots and BMDs","Hand Count and Optical Scan",
"2300972865","Maine","Town of Southwest Harbor (Hancock County)","1313","1","Assigned Polling Place","No","Hand marked paper ballots and BMDs","Hand Count and Optical Scan",
"2300974580","Maine","Town of Stonington (Hancock County)","767","1","Assigned Polling Place","No","Hand marked paper ballots and BMDs","Hand Count and Optical Scan",
"2300974965","Maine","Town of Sullivan (Hancock County)","832","1","Assigned Polling Place","No","Hand marked paper ballots and BMDs","Hand Count and Optical Scan",
"2300975280","Maine","Town of Surry (Hancock County)","1254","1","Assigned Polling Place","No","Hand marked paper ballots and BMDs","Hand Count and Optical Scan",
"2300975455","Maine","Town of Swan's Island (Hancock County)","320","1","Assigned Polling Place","No","Hand marked paper ballots and BMDs","Hand Count and Optical Scan",
"2300977345","Maine","Town of Tremont (Hancock County)","1160","1","Assigned Polling Place","No","Hand marked paper ballots and BMDs","Hand Count and Optical Scan",
"2300977415","Maine","Town of Trenton (Hancock County)","1162","1","Assigned Polling Place","No","Hand marked paper ballots and BMDs","Hand Count and Optical Scan",
"2300978920","Maine","Town of Verona Island (Hancock County)","380","1","Assigned Polling Place","No","Hand marked paper ballots and BMDs","Hand Count and Optical Scan",
"2300980040","Maine","Town of Waltham (Hancock County)","261","1","Assigned Polling Place","No","Hand marked paper ballots and BMDs","Hand Count and Optical Scan",
"2300986655","Maine","Town of Winter Harbor (Hancock County)","393","1","Assigned Polling Place","No","Hand marked paper ballots and BMDs","Hand Count and Optical Scan",
"2301100590","Maine","Town of Albion (Kennebec County)","1345","1","Assigned Polling Place","No","Hand marked paper ballots and BMDs","Optical Scan",
"2301102100","Maine","City of Augusta (Kennebec County)","11270","4","Assigned Polling Place","No","Hand marked paper ballots and BMDs","Optical Scan",
"2301104020","Maine","Town of Belgrade (Kennebec County)","2485","1","Assigned Polling Place","No","Hand marked paper ballots and BMDs","Optical Scan",
"2301104475","Maine","Town of Benton (Kennebec County)","1797","1","Assigned Polling Place","No","Hand marked paper ballots and BMDs","Optical Scan",
"2301112350","Maine","Town of Chelsea (Kennebec County)","1787","1","Assigned Polling Place","No","Hand marked paper ballots and BMDs","Optical Scan",
"2301112735","Maine","Town of China (Kennebec County)","2911","1","Assigned Polling Place","No","Hand marked paper ballots and BMDs","Optical Scan",
"2301113470","Maine","Town of Clinton (Kennebec County)","2030","1","Assigned Polling Place","No","Hand marked paper ballots and BMDs","Optical Scan",
"2301124670","Maine","Town of Farmingdale (Kennebec County)","2013","1","Assigned Polling Place","No","Hand marked paper ballots and BMDs","Optical Scan",
"2301124950","Maine","Town of Fayette (Kennebec County)","900","1","Assigned Polling Place","No","Hand marked paper ballots and BMDs","Optical Scan",
"2301127085","Maine","City of Gardiner (Kennebec County)","3960","1","Assigned Polling Place","No","Hand marked paper ballots and BMDs","Optical Scan",
"2301130550","Maine","City of Hallowell (Kennebec County)","2052","1","Assigned Polling Place","No","Hand marked paper ballots and BMDs","Optical Scan",
"2301140175","Maine","Town of Litchfield (Kennebec County)","2483","1","Assigned Polling Place","No","Hand marked paper ballots and BMDs","Optical Scan",
"2301143080","Maine","Town of Manchester (Kennebec County)","1895","1","Assigned Polling Place","No","Hand marked paper ballots and BMDs","Optical Scan",
"2301146405","Maine","Town of Monmouth (Kennebec County)","2838","1","Assigned Polling Place","No","Hand marked paper ballots and BMDs","Optical Scan",
"2301147770","Maine","Town of Mount Vernon (Kennebec County)","1308","1","Assigned Polling Place","No","Hand marked paper ballots and BMDs","Optical Scan",
"2301154560","Maine","Town of Oakland (Kennebec County)","4110","1","Assigned Polling Place","No","Hand marked paper ballots and BMDs","Optical Scan",
"2301159110","Maine","Town of Pittston (Kennebec County)","1974","1","Assigned Polling Place","No","Hand marked paper ballots and BMDs","Optical Scan",
"2301161700","Maine","Town of Randolph (Kennebec County)","1144","1","Assigned Polling Place","No","Hand marked paper ballots and BMDs","Optical Scan",
"2301162190","Maine","Town of Readfield (Kennebec County)","2032","1","Assigned Polling Place","No","Hand marked paper ballots and BMDs","Optical Scan",
"2301163835","Maine","Town of Rome (Kennebec County)","827","1","Assigned Polling Place","No","Hand marked paper ballots and BMDs","Optical Scan",
"2301168385","Maine","Town of Sidney (Kennebec County)","3345","1","Assigned Polling Place","No","Hand marked paper ballots and BMDs","Optical Scan",
"2301178745","Maine","Town of Vassalboro (Kennebec County)","2893","1","Assigned Polling Place","No","Hand marked paper ballots and BMDs","Optical Scan",
"2301179025","Maine","Town of Vienna (Kennebec County)","464","1","Assigned Polling Place","No","Hand marked paper ballots and BMDs","Optical Scan",
"2301180740","Maine","City of Waterville (Kennebec County)","9678","1","Assigned Polling Place","No","Hand marked paper ballots and BMDs","Optical Scan",
"2301180880","Maine","Town of Wayne (Kennebec County)","922","1","Assigned Polling Place","No","Hand marked paper ballots and BMDs","Optical Scan",
"2301182945","Maine","Town of West Gardiner (Kennebec County)","2619","1","Assigned Polling Place","No","Hand marked paper ballots and BMDs","Optical Scan",
"2301186165","Maine","Town of Windsor (Kennebec County)","1606","1","Assigned Polling Place","No","Hand marked paper ballots and BMDs","Optical Scan",
"2301186515","Maine","Town of Winslow (Kennebec County)","5229","1","Assigned Polling Place","No","Hand marked paper ballots and BMDs","Optical Scan",
"2301186970","Maine","Town of Winthrop (Kennebec County)","4402","1","Assigned Polling Place","No","Hand marked paper ballots and BMDs","Optical Scan",
"2301301465","Maine","Town of Appleton (Knox County)","1002","1","Assigned Polling Place","No","Hand marked paper ballots and BMDs","Hand Count and Optical Scan",
"2301309725","Maine","Town of Camden (Knox County)","4328","1","Assigned Polling Place","No","Hand marked paper ballots and BMDs","Hand Count and Optical Scan",
"2301315780","Maine","Town of Cushing (Knox County)","1122","1","Assigned Polling Place","No","Hand marked paper ballots and BMDs","Hand Count and Optical Scan",
"2301326805","Maine","Town of Friendship (Knox County)","944","1","Assigned Polling Place","No","Hand marked paper ballots and BMDs","Hand Count and Optical Scan",
"2301333840","Maine","Town of Hope (Knox County)","1288","1","Assigned Polling Place","No","Hand marked paper ballots and BMDs","Hand Count and Optical Scan",
"2301335135","Maine","Town of Isle au Haut (Knox County)","72","1","Assigned Polling Place","No","Hand marked paper ballots and BMDs","Hand Count and Optical Scan",
"2301344165","Maine","Matinicus Isle Plantation (Knox County)","58","1","Assigned Polling Place","No","Hand marked paper ballots and BMDs","Hand Count and Optical Scan",
"2301351620","Maine","Town of North Haven (Knox County)","356","1","Assigned Polling Place","No","Hand marked paper ballots and BMDs","Hand Count and Optical Scan",
"2301356135","Maine","Town of Owl's Head (Knox County)","1232","1","Assigned Polling Place","No","Hand marked paper ballots and BMDs","Hand Count and Optical Scan",
"2301363590","Maine","City of Rockland (Knox County)","4571","1","Assigned Polling Place","No","Hand marked paper ballots and BMDs","Hand Count and Optical Scan",
"2301363660","Maine","Town of Rockport (Knox County)","2857","1","Assigned Polling Place","No","Hand marked paper ballots and BMDs","Hand Count and Optical Scan",
"2301365130","Maine","Town of Saint George (Knox County)","2028","1","Assigned Polling Place","No","Hand marked paper ballots and BMDs","Hand Count and Optical Scan",
"2301372585","Maine","Town of South Thomaston (Knox County)","1175","1","Assigned Polling Place","No","Hand marked paper ballots and BMDs","Hand Count and Optical Scan",
"2301376365","Maine","Town of Thomaston (Knox County)","1916","1","Assigned Polling Place","No","Hand marked paper ballots and BMDs","Hand Count and Optical Scan",
"2301378115","Maine","Town of Union (Knox County)","1792","1","Assigned Polling Place","No","Hand marked paper ballots and BMDs","Hand Count and Optical Scan",
"2301379130","Maine","Town of Vinalhaven (Knox County)","939","1","Assigned Polling Place","No","Hand marked paper ballots and BMDs","Hand Count and Optical Scan",
"2301380215","Maine","Town of Warren (Knox County)","2537","1","Assigned Polling Place","No","Hand marked paper ballots and BMDs","Hand Count and Optical Scan",
"2301380425","Maine","Town of Washington (Knox County)","1128","1","Assigned Polling Place","No","Hand marked paper ballots and BMDs","Hand Count and Optical Scan",
"2301501010","Maine","Town of Alna (Lincoln County)","612","1","Assigned Polling Place","No","Hand marked paper ballots and BMDs","Hand Count and Optical Scan",
"2301506050","Maine","Town of Boothbay (Lincoln County)","2481","1","Assigned Polling Place","No","Hand marked paper ballots and BMDs","Hand Count and Optical Scan",
"2301506120","Maine","Town of Boothbay Harbor (Lincoln County)","1627","1","Assigned Polling Place","No","Hand marked paper ballots and BMDs","Hand Count and Optical Scan",
"2301506855","Maine","Town of Bremen (Lincoln County)","686","1","Assigned Polling Place","No","Hand marked paper ballots and BMDs","Hand Count and Optical Scan",
"2301507485","Maine","Town of Bristol (Lincoln County)","2427","1","Assigned Polling Place","No","Hand marked paper ballots and BMDs","Hand Count and Optical Scan",
"2301516235","Maine","Town of Damariscotta (Lincoln County)","1693","1","Assigned Polling Place","No","Hand marked paper ballots and BMDs","Hand Count and Optical Scan",
"2301518475","Maine","Town of Dresden (Lincoln County)","1333","1","Assigned Polling Place","No","Hand marked paper ballots and BMDs","Hand Count and Optical Scan",
"2301522675","Maine","Town of Edgecomb (Lincoln County)","1016","1","Assigned Polling Place","No","Hand marked paper ballots and BMDs","Hand Count and Optical Scan",
"2301535695","Maine","Town of Jefferson (Lincoln County)","1943","1","Assigned Polling Place","No","Hand marked paper ballots and BMDs","Hand Count and Optical Scan",
"2301546335","Maine","Monhegan Island Plantation (Lincoln County)","69","1","Assigned Polling Place","No","Hand marked paper ballots and BMDs","Hand Count and Optical Scan",
"2301548645","Maine","Town of Newcastle (Lincoln County)","1558","1","Assigned Polling Place","No","Hand marked paper ballots and BMDs","Hand Count and Optical Scan",
"2301549660","Maine","Town of Nobleboro (Lincoln County)","1488","1","Assigned Polling Place","No","Hand marked paper ballots and BMDs","Hand Count and Optical Scan",
"2301569645","Maine","Town of Somerville (Lincoln County)","425","1","Assigned Polling Place","No","Hand marked paper ballots and BMDs","Hand Count and Optical Scan",
"2301570240","Maine","Town of South Bristol (Lincoln County)","849","1","Assigned Polling Place","No","Hand marked paper ballots and BMDs","Hand Count and Optical Scan",
"2301571955","Maine","Town of Southport (Lincoln County)","545","1","Assigned Polling Place","No","Hand marked paper ballots and BMDs","Hand Count and Optical Scan",
"2301579550","Maine","Town of Waldoboro (Lincoln County)","3390","1","Assigned Polling Place","No","Hand marked paper ballots and BMDs","Hand Count and Optical Scan",
"2301584135","Maine","Town of Westport Island (Lincoln County)","608","1","Assigned Polling Place","No","Hand marked paper ballots and BMDs","Hand Count and Optical Scan",
"2301585010","Maine","Town of Whitefield (Lincoln County)","1605","1","Assigned Polling Place","No","Hand marked paper ballots and BMDs","Hand Count and Optical Scan",
"2301587075","Maine","Town of Wiscasset (Lincoln County)","2667","1","Assigned Polling Place","No","Hand marked paper ballots and BMDs","Hand Count and Optical Scan",
"2309999901","Maine","Albany Township","367","1","Assigned Polling Place","No","Hand marked paper ballots and BMDs","Hand Count and Optical Scan",
"2301701325","Maine","Town of Andover (Oxford County)","613","1","Assigned Polling Place","No","Hand marked paper ballots and BMDs","Hand Count and Optical Scan",
"2301704825","Maine","Town of Bethel (Oxford County)","2091","1","Assigned Polling Place","No","Hand marked paper ballots and BMDs","Hand Count and Optical Scan",
"2301708150","Maine","Town of Brownfield (Oxford County)","1118","1","Assigned Polling Place","No","Hand marked paper ballots and BMDs","Hand Count and Optical Scan",
"2301708710","Maine","Town of Buckfield (Oxford County)","1255","1","Assigned Polling Place","No","Hand marked paper ballots and BMDs","Hand Count and Optical Scan",
"2301709550","Maine","Town of Byron (Oxford County)","119","1","Assigned Polling Place","No","Hand marked paper ballots and BMDs","Hand Count and Optical Scan",
"2301710005","Maine","Town of Canton (Oxford County)","635","1","Assigned Polling Place","No","Hand marked paper ballots and BMDs","Hand Count and Optical Scan",
"2301717250","Maine","Town of Denmark (Oxford County)","929","1","Assigned Polling Place","No","Hand marked paper ballots and BMDs","Hand Count and Optical Scan",
"2301717740","Maine","Town of Dixfield (Oxford County)","1456","1","Assigned Polling Place","No","Hand marked paper ballots and BMDs","Hand Count and Optical Scan",
"2301726910","Maine","Town of Fryeburg (Oxford County)","2331","1","Assigned Polling Place","No","Hand marked paper ballots and BMDs","Hand Count and Optical Scan",
"2301727505","Maine","Town of Gilead (Oxford County)","146","1","Assigned Polling Place","No","Hand marked paper ballots and BMDs","Hand Count and Optical Scan",
"2301729710","Maine","Town of Greenwood (Oxford County)","627","1","Assigned Polling Place","No","Hand marked paper ballots and BMDs","Hand Count and Optical Scan",
"2301731110","Maine","Town of Hanover (Oxford County)","236","1","Assigned Polling Place","No","Hand marked paper ballots and BMDs","Hand Count and Optical Scan",
"2301731670","Maine","Town of Hartford (Oxford County)","810","1","Assigned Polling Place","No","Hand marked paper ballots and BMDs","Hand Count and Optical Scan",
"2301732370","Maine","Town of Hebron (Oxford County)","867","1","Assigned Polling Place","No","Hand marked paper ballots and BMDs","Hand Count and Optical Scan",
"2301733315","Maine","Town of Hiram (Oxford County)","1027","1","Assigned Polling Place","No","Hand marked paper ballots and BMDs","Hand Count and Optical Scan",
"2301739422","Maine","Lincoln Plantation (Oxford County)","40","1","Assigned Polling Place","No","Hand marked paper ballots and BMDs","Hand Count and Optical Scan",
"2301741365","Maine","Town of Lovell (Oxford County)","927","1","Assigned Polling Place","No","Hand marked paper ballots and BMDs","Hand Count and Optical Scan",
"2301742835","Maine","Magalloway Plantation (Oxford County)","26","1","Assigned Polling Place","No","Hand marked paper ballots and BMDs","Hand Count and Optical Scan",
"2301745285","Maine","Town of Mexico (Oxford County)","1427","1","Assigned Polling Place","No","Hand marked paper ballots and BMDs","Hand Count and Optical Scan",
"2301749275","Maine","Town of Newry (Oxford County)","322","1","Assigned Polling Place","No","Hand marked paper ballots and BMDs","Hand Count and Optical Scan",
"2301754000","Maine","Town of Norway (Oxford County)","3270","1","Assigned Polling Place","No","Hand marked paper ballots and BMDs","Hand Count and Optical Scan",
"2301755960","Maine","Town of Otisfield (Oxford County)","1323","1","Assigned Polling Place","No","Hand marked paper ballots and BMDs","Hand Count and Optical Scan",
"2301756310","Maine","Town of Oxford (Oxford County)","2651","1","Assigned Polling Place","No","Hand marked paper ballots and BMDs","Hand Count and Optical Scan",
"2301756625","Maine","Town of Paris (Oxford County)","3192","1","Assigned Polling Place","No","Hand marked paper ballots and BMDs","Hand Count and Optical Scan",
"2301758270","Maine","Town of Peru (Oxford County)","1022","1","Assigned Polling Place","No","Hand marked paper ballots and BMDs","Hand Count and Optical Scan",
"2301760405","Maine","Town of Porter (Oxford County)","1010","1","Assigned Polling Place","No","Hand marked paper ballots and BMDs","Hand Count and Optical Scan",
"2301764185","Maine","Town of Roxbury (Oxford County)","278","1","Assigned Polling Place","No","Hand marked paper ballots and BMDs","Hand Count and Optical Scan",
"2301764290","Maine","Town of Rumford (Oxford County)","3194","1","Assigned Polling Place","No","Hand marked paper ballots and BMDs","Hand Count and Optical Scan",
"2301774510","Maine","Town of Stoneham (Oxford County)","224","1","Assigned Polling Place","No","Hand marked paper ballots and BMDs","Hand Count and Optical Scan",
"2301774685","Maine","Town of Stow (Oxford County)","272","1","Assigned Polling Place","No","Hand marked paper ballots and BMDs","Hand Count and Optical Scan",
"2301775035","Maine","Town of Sumner (Oxford County)","633","1","Assigned Polling Place","No","Hand marked paper ballots and BMDs","Hand Count and Optical Scan",
"2301775595","Maine","Town of Sweden (Oxford County)","319","1","Assigned Polling Place","No","Hand marked paper ballots and BMDs","Hand Count and Optical Scan",
"2301778465","Maine","Town of Upton (Oxford County)","68","1","Assigned Polling Place","No","Hand marked paper ballots and BMDs","Hand Count and Optical Scan",
"2301780635","Maine","Town of Waterford (Oxford County)","1166","1","Assigned Polling Place","No","Hand marked paper ballots and BMDs","Hand Count and Optical Scan",
"2301783890","Maine","Town of West Paris (Oxford County)","1068","1","Assigned Polling Place","No","Hand marked paper ballots and BMDs","Hand Count and Optical Scan",
"2301787355","Maine","Town of Woodstock (Oxford County)","1042","1","Assigned Polling Place","No","Hand marked paper ballots and BMDs","Hand Count and Optical Scan",
"2301901115","Maine","Town of Alton (Penobscot County)","571","1","Assigned Polling Place","No","Hand marked paper ballots and BMDs","Hand Count and Optical Scan",
"2301902795","Maine","City of Bangor (Penobscot County)","18258","1","Assigned Polling Place","No","Hand marked paper ballots and BMDs","Hand Count and Optical Scan",
"2301906575","Maine","Town of Bradford (Penobscot County)","823","1","Assigned Polling Place","No","Hand marked paper ballots and BMDs","Hand Count and Optical Scan",
"2301906680","Maine","Town of Bradley (Penobscot County)","988","1","Assigned Polling Place","No","Hand marked paper ballots and BMDs","Hand Count and Optical Scan",
"2301906925","Maine","City of Brewer (Penobscot County)","5878","1","Assigned Polling Place","No","Hand marked paper ballots and BMDs","Hand Count and Optical Scan",
"2301909200","Maine","Town of Burlington (Penobscot County)","297","1","Assigned Polling Place","No","Hand marked paper ballots and BMDs","Hand Count and Optical Scan",
"2301910670","Maine","Town of Carmel (Penobscot County)","1936","1","Assigned Polling Place","No","Hand marked paper ballots and BMDs","Hand Count and Optical Scan",
"2301910810","Maine","Carroll Plantation (Penobscot County)","104","1","Assigned Polling Place","No","Hand marked paper ballots and BMDs","Hand Count and Optical Scan",
"2301912105","Maine","Town of Charleston (Penobscot County)","834","1","Assigned Polling Place","No","Hand marked paper ballots and BMDs","Hand Count and Optical Scan",
"2301912525","Maine","Town of Chester (Penobscot County)","403","1","Assigned Polling Place","No","Hand marked paper ballots and BMDs","Hand Count and Optical Scan",
"2301913365","Maine","Town of Clifton (Penobscot County)","613","1","Assigned Polling Place","No","Hand marked paper ballots and BMDs","Hand Count and Optical Scan",
"2301914310","Maine","Town of Corinna (Penobscot County)","1372","1","Assigned Polling Place","No","Hand marked paper ballots and BMDs","Hand Count and Optical Scan",
"2301914380","Maine","Town of Corinth (Penobscot County)","1734","1","Assigned Polling Place","No","Hand marked paper ballots and BMDs","Hand Count and Optical Scan",
"2301917530","Maine","Town of Dexter (Penobscot County)","2154","1","Assigned Polling Place","No","Hand marked paper ballots and BMDs","Hand Count and Optical Scan",
"2301917950","Maine","Town of Dixmont (Penobscot County)","810","1","Assigned Polling Place","No","Hand marked paper ballots and BMDs","Hand Count and Optical Scan",
"2301918580","Maine","Drew Plantation (Penobscot County)","24","1","Assigned Polling Place","No","Hand marked paper ballots and BMDs","Hand Count and Optical Scan",
"2301921030","Maine","Town of East Millinocket (Penobscot County)","1054","1","Assigned Polling Place","No","Hand marked paper ballots and BMDs","Hand Count and Optical Scan",
"2301922535","Maine","Town of Eddington (Penobscot County)","1630","1","Assigned Polling Place","No","Hand marked paper ballots and BMDs","Hand Count and Optical Scan",
"2301922710","Maine","Town of Edinburg (Penobscot County)","123","1","Assigned Polling Place","No","Hand marked paper ballots and BMDs","Hand Count and Optical Scan",
"2301923620","Maine","Town of Enfield (Penobscot County)","975","1","Assigned Polling Place","No","Hand marked paper ballots and BMDs","Hand Count and Optical Scan",
"2301923865","Maine","Town of Etna (Penobscot County)","782","1","Assigned Polling Place","No","Hand marked paper ballots and BMDs","Hand Count and Optical Scan",
"2301924110","Maine","Town of Exeter (Penobscot County)","633","1","Assigned Polling Place","No","Hand marked paper ballots and BMDs","Hand Count and Optical Scan",
"2301927190","Maine","Town of Garland (Penobscot County)","684","1","Assigned Polling Place","No","Hand marked paper ballots and BMDs","Hand Count and Optical Scan",
"2301927645","Maine","Town of Glenburn (Penobscot County)","3111","1","Assigned Polling Place","No","Hand marked paper ballots and BMDs","Hand Count and Optical Scan",
"2301929185","Maine","Town of Greenbush (Penobscot County)","789","1","Assigned Polling Place","No","Hand marked paper ballots and BMDs","Hand Count and Optical Scan",
"2301930795","Maine","Town of Hampden (Penobscot County)","5471","1","Assigned Polling Place","No","Hand marked paper ballots and BMDs","Hand Count and Optical Scan",
"2301932510","Maine","Town of Hermon (Penobscot County)","4405","1","Assigned Polling Place","No","Hand marked paper ballots and BMDs","Hand Count and Optical Scan",
"2301933490","Maine","Town of Holden (Penobscot County)","2330","1","Assigned Polling Place","No","Hand marked paper ballots and BMDs","Hand Count and Optical Scan",
"2301934190","Maine","Town of Howland (Penobscot County)","742","1","Assigned Polling Place","No","Hand marked paper ballots and BMDs","Hand Count and Optical Scan",
"2301934365","Maine","Town of Hudson (Penobscot County)","969","1","Assigned Polling Place","No","Hand marked paper ballots and BMDs","Hand Count and Optical Scan",
"2301936325","Maine","Town of Kenduskeag (Penobscot County)","871","1","Assigned Polling Place","No","Hand marked paper ballots and BMDs","Hand Count and Optical Scan",
"2301937075","Maine","Kingman Township (Penobscot County)","90","1","Assigned Polling Place","No","Hand marked paper ballots and BMDs","Hand Count and Optical Scan",
"2301937760","Maine","Town of Lagrange (Penobscot County)","392","1","Assigned Polling Place","No","Hand marked paper ballots and BMDs","Hand Count and Optical Scan",
"2301938005","Maine","Town of Lakeville (Penobscot County)","86","1","Assigned Polling Place","No","Hand marked paper ballots and BMDs","Hand Count and Optical Scan",
"2301938530","Maine","Town of Lee (Penobscot County)","587","1","Assigned Polling Place","No","Hand marked paper ballots and BMDs","Hand Count and Optical Scan",
"2301938705","Maine","Town of Levant (Penobscot County)","1849","1","Assigned Polling Place","No","Hand marked paper ballots and BMDs","Hand Count and Optical Scan",
"2301939475","Maine","Town of Lincoln (Penobscot County)","2945","1","Assigned Polling Place","No","Hand marked paper ballots and BMDs","Hand Count and Optical Scan",
"2301941435","Maine","Town of Lowell (Penobscot County)","291","1","Assigned Polling Place","No","Hand marked paper ballots and BMDs","Hand Count and Optical Scan",
"2301944270","Maine","Town of Mattawamkeag (Penobscot County)","468","1","Assigned Polling Place","No","Hand marked paper ballots and BMDs","Hand Count and Optical Scan",
"2301944340","Maine","Town of Maxfield (Penobscot County)","73","1","Assigned Polling Place","No","Hand marked paper ballots and BMDs","Hand Count and Optical Scan",
"2301945005","Maine","Town of Medway (Penobscot County)","826","1","Assigned Polling Place","No","Hand marked paper ballots and BMDs","Hand Count and Optical Scan",
"2301945670","Maine","Town of Milford (Penobscot County)","2090","1","Assigned Polling Place","No","Hand marked paper ballots and BMDs","Hand Count and Optical Scan",
"2301945810","Maine","Town of Millinocket (Penobscot County)","2952","1","Assigned Polling Place","No","Hand marked paper ballots and BMDs","Hand Count and Optical Scan",
"2301947560","Maine","Town of Mount Chase (Penobscot County)","155","1","Assigned Polling Place","No","Hand marked paper ballots and BMDs","Hand Count and Optical Scan",
"2301948505","Maine","Town of Newburgh (Penobscot County)","1117","1","Assigned Polling Place","No","Hand marked paper ballots and BMDs","Hand Count and Optical Scan",
"2301949065","Maine","Town of Newport (Penobscot County)","1966","1","Assigned Polling Place","No","Hand marked paper ballots and BMDs","Hand Count and Optical Scan",
"2301955225","Maine","City of Old Town (Penobscot County)","6989","2","Assigned Polling Place","No","Hand marked paper ballots and BMDs","Hand Count and Optical Scan",
"2301955565","Maine","Town of Orono (Penobscot County)","7134","3","Assigned Polling Place","No","Hand marked paper ballots and BMDs","Hand Count and Optical Scan",
"2301955680","Maine","Town of Orrington (Penobscot County)","2851","1","Assigned Polling Place","No","Hand marked paper ballots and BMDs","Hand Count and Optical Scan",
"2301957045","Maine","Town of Passadumkeag (Penobscot County)","254","1","Assigned Polling Place","No","Hand marked paper ballots and BMDs","Hand Count and Optical Scan",
"2301957150","Maine","Town of Patten (Penobscot County)","589","1","Assigned Polling Place","No","Hand marked paper ballots and BMDs","Hand Count and Optical Scan",
"2301957937","Maine","Penobscot Nation Voting District (Penobscot County)","362","1","Assigned Polling Place","No","Hand marked paper ballots and BMDs","Hand Count and Optical Scan",
"2301959950","Maine","Town of Plymouth (Penobscot County)","839","1","Assigned Polling Place","No","Hand marked paper ballots and BMDs","Hand Count and Optical Scan",
"2301960790","Maine","Prentiss Township (Penobscot County)","119","1","Assigned Polling Place","No","Hand marked paper ballots and BMDs","Hand Count and Optical Scan",
"2301967160","Maine","Seboeis Plantation (Penobscot County)","33","1","Assigned Polling Place","No","Hand marked paper ballots and BMDs","Hand Count and Optical Scan",
"2301973250","Maine","Town of Springfield (Penobscot County)","191","1","Assigned Polling Place","No","Hand marked paper ballots and BMDs","Hand Count and Optical Scan",
"2301973600","Maine","Town of Stacyville (Penobscot County)","233","1","Assigned Polling Place","No","Hand marked paper ballots and BMDs","Hand Count and Optical Scan",
"2301974055","Maine","Town of Stetson (Penobscot County)","900","1","Assigned Polling Place","No","Hand marked paper ballots and BMDs","Hand Count and Optical Scan",
"2301978780","Maine","Town of Veazie (Penobscot County)","1343","1","Assigned Polling Place","No","Hand marked paper ballots and BMDs","Hand Count and Optical Scan",
"2301981055","Maine","Webster Plantation (Penobscot County)","51","1","Assigned Polling Place","No","Hand marked paper ballots and BMDs","Hand Count and Optical Scan",
"2301986305","Maine","Town of Winn (Penobscot County)","229","1","Assigned Polling Place","No","Hand marked paper ballots and BMDs","Hand Count and Optical Scan",
"2301987390","Maine","Town of Woodville (Penobscot County)","158","1","Assigned Polling Place","No","Hand marked paper ballots and BMDs","Hand Count and Optical Scan",
"2302100100","Maine","Town of Abbot (Piscataquis County)","465","1","Assigned Polling Place","No","Hand marked paper ballots and BMDs","Hand Count and Optical Scan",
"2302103740","Maine","Town of Beaver Cove (Piscataquis County)","125","1","Assigned Polling Place","No","Hand marked paper ballots and BMDs","Hand Count and Optical Scan",
"2302106400","Maine","Town of Bowerbank (Piscataquis County)","136","1","Assigned Polling Place","No","Hand marked paper ballots and BMDs","Hand Count and Optical Scan",
"2302108325","Maine","Town of Brownville (Piscataquis County)","865","1","Assigned Polling Place","No","Hand marked paper ballots and BMDs","Hand Count and Optical Scan",
"2302118195","Maine","Town of Dover-Foxcroft (Piscataquis County)","2695","1","Assigned Polling Place","No","Hand marked paper ballots and BMDs","Hand Count and Optical Scan",
"2302129535","Maine","Town of Greenville (Piscataquis County)","1341","1","Assigned Polling Place","No","Hand marked paper ballots and BMDs","Hand Count and Optical Scan",
"2302130095","Maine","Town of Guilford (Piscataquis County)","787","1","Assigned Polling Place","No","Hand marked paper ballots and BMDs","Hand Count and Optical Scan",
"2302137095","Maine","Kingsbury Plantation (Piscataquis County)","34","1","Assigned Polling Place","No","Hand marked paper ballots and BMDs","Hand Count and Optical Scan",
"2302137970","Maine","Lake View Plantation (Piscataquis County)","145","1","Assigned Polling Place","No","Hand marked paper ballots and BMDs","Hand Count and Optical Scan",
"2302144830","Maine","Town of Medford (Piscataquis County)","179","1","Assigned Polling Place","No","Hand marked paper ballots and BMDs","Hand Count and Optical Scan",
"2302146020","Maine","Town of Milo (Piscataquis County)","1360","1","Assigned Polling Place","No","Hand marked paper ballots and BMDs","Hand Count and Optical Scan",
"2302146580","Maine","Town of Monson (Piscataquis County)","558","1","Assigned Polling Place","No","Hand marked paper ballots and BMDs","Hand Count and Optical Scan",
"2302156765","Maine","Town of Parkman (Piscataquis County)","533","1","Assigned Polling Place","No","Hand marked paper ballots and BMDs","Hand Count and Optical Scan",
"2302165865","Maine","Town of Sangerville (Piscataquis County)","844","1","Assigned Polling Place","No","Hand marked paper ballots and BMDs","Hand Count and Optical Scan",
"2302166950","Maine","Town of Sebec (Piscataquis County)","676","1","Assigned Polling Place","No","Hand marked paper ballots and BMDs","Hand Count and Optical Scan",
"2302168140","Maine","Town of Shirley (Piscataquis County)","164","1","Assigned Polling Place","No","Hand marked paper ballots and BMDs","Hand Count and Optical Scan",
"2302181405","Maine","Town of Wellington (Piscataquis County)","134","1","Assigned Polling Place","No","Hand marked paper ballots and BMDs","Hand Count and Optical Scan",
"2302185710","Maine","Town of Willimantic (Piscataquis County)","106","1","Assigned Polling Place","No","Hand marked paper ballots and BMDs","Hand Count and Optical Scan",
"2302301570","Maine","Town of Arrowsic (Sagadahoc County)","397","1","Assigned Polling Place","No","Hand marked paper ballots and BMDs","Optical Scan",
"2302303355","Maine","City of Bath (Sagadahoc County)","5895","1","Assigned Polling Place","No","Hand marked paper ballots and BMDs","Optical Scan",
"2302306260","Maine","Town of Bowdoin (Sagadahoc County)","2081","1","Assigned Polling Place","No","Hand marked paper ballots and BMDs","Optical Scan",
"2302306365","Maine","Town of Bowdoinham (Sagadahoc County)","2315","1","Assigned Polling Place","No","Hand marked paper ballots and BMDs","Optical Scan",
"2302327295","Maine","Town of Georgetown (Sagadahoc County)","945","1","Assigned Polling Place","No","Hand marked paper ballots and BMDs","Optical Scan",
"2302358515","Maine","Town of Phippsburg (Sagadahoc County)","1801","1","Assigned Polling Place","No","Hand marked paper ballots and BMDs","Optical Scan",
"2302362645","Maine","Town of Richmond (Sagadahoc County)","2253","1","Assigned Polling Place","No","Hand marked paper ballots and BMDs","Optical Scan",
"2302376960","Maine","Town of Topsham (Sagadahoc County)","7298","1","Assigned Polling Place","No","Hand marked paper ballots and BMDs","Optical Scan",
"2302381930","Maine","Town of West Bath (Sagadahoc County)","1580","1","Assigned Polling Place","No","Hand marked paper ballots and BMDs","Optical Scan",
"2302387460","Maine","Town of Woolwich (Sagadahoc County)","2444","1","Assigned Polling Place","No","Hand marked paper ballots and BMDs","Optical Scan",
"2302501395","Maine","Town of Anson (Somerset County)","1424","1","Assigned Polling Place","No","Hand marked paper ballots and BMDs","Hand Count and Optical Scan",
"2302501885","Maine","Town of Athens (Somerset County)","584","1","Assigned Polling Place","No","Hand marked paper ballots and BMDs","Hand Count and Optical Scan",
"2302505000","Maine","Town of Bingham (Somerset County)","629","1","Assigned Polling Place","No","Hand marked paper ballots and BMDs","Hand Count and Optical Scan",
"2302507380","Maine","Brighton Plantation (Somerset County)","60","1","Assigned Polling Place","No","Hand marked paper ballots and BMDs","Hand Count and Optical Scan",
"2302509655","Maine","Town of Cambridge (Somerset County)","301","1","Assigned Polling Place","No","Hand marked paper ballots and BMDs","Hand Count and Optical Scan",
"2302509935","Maine","Town of Canaan (Somerset County)","1295","1","Assigned Polling Place","No","Hand marked paper ballots and BMDs","Hand Count and Optical Scan",
"2302510495","Maine","Town of Caratunk (Somerset County)","62","1","Assigned Polling Place","No","Hand marked paper ballots and BMDs","Hand Count and Optical Scan",
"2302514555","Maine","Town of Cornville (Somerset County)","891","1","Assigned Polling Place","No","Hand marked paper ballots and BMDs","Hand Count and Optical Scan",
"2302517285","Maine","Dennistown Plantation (Somerset County)","26","1","Assigned Polling Place","No","Hand marked paper ballots and BMDs","Hand Count and Optical Scan",
"2302517460","Maine","Town of Detroit (Somerset County)","537","1","Assigned Polling Place","No","Hand marked paper ballots and BMDs","Hand Count and Optical Scan",
"2302523410","Maine","Town of Embden (Somerset County)","645","1","Assigned Polling Place","No","Hand marked paper ballots and BMDs","Hand Count and Optical Scan",
"2302524320","Maine","Town of Fairfield (Somerset County)","3731","1","Assigned Polling Place","No","Hand marked paper ballots and BMDs","Hand Count and Optical Scan",
"2302531355","Maine","Town of Harmony (Somerset County)","566","1","Assigned Polling Place","No","Hand marked paper ballots and BMDs","Hand Count and Optical Scan",
"2302531740","Maine","Town of Hartland (Somerset County)","1012","1","Assigned Polling Place","No","Hand marked paper ballots and BMDs","Hand Count and Optical Scan",
"2302532895","Maine","Highland Plantation (Somerset County)","123","1","Assigned Polling Place","No","Hand marked paper ballots and BMDs","Hand Count and Optical Scan",
"2302535345","Maine","Town of Jackman (Somerset County)","610","2","Assigned Polling Place","No","Hand marked paper ballots and BMDs","Hand Count and Optical Scan",
"2302542660","Maine","Town of Madison (Somerset County)","2627","1","Assigned Polling Place","No","Hand marked paper ballots and BMDs","Hand Count and Optical Scan",
"2302545110","Maine","Town of Mercer (Somerset County)","551","1","Assigned Polling Place","No","Hand marked paper ballots and BMDs","Hand Count and Optical Scan",
"2302547140","Maine","Town of Moose River (Somerset County)","132","1","Assigned Polling Place","No","Hand marked paper ballots and BMDs","Hand Count and Optical Scan",
"2302547455","Maine","Town of Moscow (Somerset County)","333","1","Assigned Polling Place","No","Hand marked paper ballots and BMDs","Hand Count and Optical Scan",
"2302549205","Maine","Town of New Portland (Somerset County)","593","1","Assigned Polling Place","No","Hand marked paper ballots and BMDs","Hand Count and Optical Scan",
"2302549835","Maine","Town of Norridgewock (Somerset County)","2095","1","Assigned Polling Place","No","Hand marked paper ballots and BMDs","Hand Count and Optical Scan",
"2302556520","Maine","Town of Palmyra (Somerset County)","1296","1","Assigned Polling Place","No","Hand marked paper ballots and BMDs","Hand Count and Optical Scan",
"2302559005","Maine","Town of Pittsfield (Somerset County)","2336","1","Assigned Polling Place","No","Hand marked paper ballots and BMDs","Hand Count and Optical Scan",
"2302559705","Maine","Pleasant Ridge Plantation (Somerset County)","55","1","Assigned Polling Place","No","Hand marked paper ballots and BMDs","Hand Count and Optical Scan",
"2302562995","Maine","Town of Ripley (Somerset County)","331","1","Assigned Polling Place","No","Hand marked paper ballots and BMDs","Hand Count and Optical Scan",
"2309999905","Maine","Rockwood Strip Township","267","1","Assigned Polling Place","No","Hand marked paper ballots and BMDs","Hand Count and Optical Scan",
"2302564850","Maine","Town of Saint Albans (Somerset County)","1348","1","Assigned Polling Place","No","Hand marked paper ballots and BMDs","Hand Count and Optical Scan",
"2302568910","Maine","Town of Skowhegan (Somerset County)","4779","1","Assigned Polling Place","No","Hand marked paper ballots and BMDs","Hand Count and Optical Scan",
"2302569155","Maine","Town of Smithfield (Somerset County)","681","1","Assigned Polling Place","No","Hand marked paper ballots and BMDs","Hand Count and Optical Scan",
"2302569505","Maine","Town of Solon (Somerset County)","702","1","Assigned Polling Place","No","Hand marked paper ballots and BMDs","Hand Count and Optical Scan",
"2302573845","Maine","Town of Starks (Somerset County)","453","1","Assigned Polling Place","No","Hand marked paper ballots and BMDs","Hand Count and Optical Scan",
"2302576190","Maine","The Forks Plantation (Somerset County)","47","1","Assigned Polling Place","No","Hand marked paper ballots and BMDs","Hand Count and Optical Scan",
"2302582840","Maine","West Forks Plantation (Somerset County)","66","1","Assigned Polling Place","No","Hand marked paper ballots and BMDs","Hand Count and Optical Scan",
"2302703950","Maine","City of Belfast (Waldo County)","4857","3","Assigned Polling Place","No","Hand marked paper ballots and BMDs","Hand Count and Optical Scan",
"2302704125","Maine","Town of Belmont (Waldo County)","659","1","Assigned Polling Place","No","Hand marked paper ballots and BMDs","Hand Count and Optical Scan",
"2302707870","Maine","Town of Brooks (Waldo County)","702","1","Assigned Polling Place","No","Hand marked paper ballots and BMDs","Hand Count and Optical Scan",
"2302709270","Maine","Town of Burnham (Waldo County)","730","1","Assigned Polling Place","No","Hand marked paper ballots and BMDs","Hand Count and Optical Scan",
"2302726280","Maine","Town of Frankfort (Waldo County)","755","1","Assigned Polling Place","No","Hand marked paper ballots and BMDs","Hand Count and Optical Scan",
"2302726420","Maine","Town of Freedom (Waldo County)","539","1","Assigned Polling Place","No","Hand marked paper ballots and BMDs","Hand Count and Optical Scan",
"2302735240","Maine","Town of Islesboro (Waldo County)","542","1","Assigned Polling Place","No","Hand marked paper ballots and BMDs","Hand Count and Optical Scan",
"2302735450","Maine","Town of Jackson (Waldo County)","391","1","Assigned Polling Place","No","Hand marked paper ballots and BMDs","Hand Count and Optical Scan",
"2302737585","Maine","Town of Knox (Waldo County)","566","1","Assigned Polling Place","No","Hand marked paper ballots and BMDs","Hand Count and Optical Scan",
"2302739055","Maine","Town of Liberty (Waldo County)","670","1","Assigned Polling Place","No","Hand marked paper ballots and BMDs","Hand Count and Optical Scan",
"2302739755","Maine","Town of Lincolnville (Waldo County)","1910","1","Assigned Polling Place","No","Hand marked paper ballots and BMDs","Hand Count and Optical Scan",
"2302746475","Maine","Town of Monroe (Waldo County)","671","1","Assigned Polling Place","No","Hand marked paper ballots and BMDs","Hand Count and Optical Scan",
"2302746790","Maine","Town of Montville (Waldo County)","742","1","Assigned Polling Place","No","Hand marked paper ballots and BMDs","Hand Count and Optical Scan",
"2302747245","Maine","Town of Morrill (Waldo County)","674","1","Assigned Polling Place","No","Hand marked paper ballots and BMDs","Hand Count and Optical Scan",
"2302752845","Maine","Town of Northport (Waldo County)","1266","1","Assigned Polling Place","No","Hand marked paper ballots and BMDs","Hand Count and Optical Scan",
"2302756450","Maine","Town of Palermo (Waldo County)","1122","1","Assigned Polling Place","No","Hand marked paper ballots and BMDs","Hand Count and Optical Scan",
"2302761210","Maine","Town of Prospect (Waldo County)","477","1","Assigned Polling Place","No","Hand marked paper ballots and BMDs","Hand Count and Optical Scan",
"2302766565","Maine","Town of Searsmont (Waldo County)","1056","1","Assigned Polling Place","No","Hand marked paper ballots and BMDs","Hand Count and Optical Scan",
"2302766635","Maine","Town of Searsport (Waldo County)","1839","1","Assigned Polling Place","No","Hand marked paper ballots and BMDs","Hand Count and Optical Scan",
"2302774475","Maine","Town of Stockton Springs (Waldo County)","1262","1","Assigned Polling Place","No","Hand marked paper ballots and BMDs","Hand Count and Optical Scan",
"2302775525","Maine","Town of Swanville (Waldo County)","1011","1","Assigned Polling Place","No","Hand marked paper ballots and BMDs","Hand Count and Optical Scan",
"2302776610","Maine","Town of Thorndike (Waldo County)","550","1","Assigned Polling Place","No","Hand marked paper ballots and BMDs","Hand Count and Optical Scan",
"2302777625","Maine","Town of Troy (Waldo County)","666","1","Assigned Polling Place","No","Hand marked paper ballots and BMDs","Hand Count and Optical Scan",
"2302778255","Maine","Town of Unity (Waldo County)","1192","1","Assigned Polling Place","No","Hand marked paper ballots and BMDs","Hand Count and Optical Scan",
"2302779480","Maine","Town of Waldo (Waldo County)","561","1","Assigned Polling Place","No","Hand marked paper ballots and BMDs","Hand Count and Optical Scan",
"2302786760","Maine","Town of Winterport (Waldo County)","2612","1","Assigned Polling Place","No","Hand marked paper ballots and BMDs","Hand Count and Optical Scan",
"2302900380","Maine","Town of Addison (Washington County)","819","1","Assigned Polling Place","No","Hand marked paper ballots and BMDs","Hand Count and Optical Scan",
"2302900660","Maine","Town of Alexander (Washington County)","393","1","Assigned Polling Place","No","Hand marked paper ballots and BMDs","Hand Count and Optical Scan",
"2302902480","Maine","Town of Baileyville (Washington County)","707","1","Assigned Polling Place","No","Hand marked paper ballots and BMDs","Hand Count and Optical Scan",
"2302902970","Maine","Baring Plantation (Washington County)","134","1","Assigned Polling Place","No","Hand marked paper ballots and BMDs","Hand Count and Optical Scan",
"2302903670","Maine","Town of Beals (Washington County)","320","1","Assigned Polling Place","No","Hand marked paper ballots and BMDs","Hand Count and Optical Scan",
"2302903810","Maine","Town of Beddington (Washington County)","79","1","Assigned Polling Place","No","Hand marked paper ballots and BMDs","Hand Count and Optical Scan",
"2302909585","Maine","City of Calais (Washington County)","1744","1","Assigned Polling Place","No","Hand marked paper ballots and BMDs","Hand Count and Optical Scan",
"2302912175","Maine","Town of Charlotte (Washington County)","246","1","Assigned Polling Place","No","Hand marked paper ballots and BMDs","Hand Count and Optical Scan",
"2302912455","Maine","Town of Cherryfield (Washington County)","766","1","Assigned Polling Place","No","Hand marked paper ballots and BMDs","Hand Count and Optical Scan",
"2302913750","Maine","Town of Columbia (Washington County)","271","1","Assigned Polling Place","No","Hand marked paper ballots and BMDs","Hand Count and Optical Scan",
"2302913820","Maine","Town of Columbia Falls (Washington County)","417","1","Assigned Polling Place","No","Hand marked paper ballots and BMDs","Hand Count and Optical Scan",
"2302914100","Maine","Town of Cooper (Washington County)","127","1","Assigned Polling Place","No","Hand marked paper ballots and BMDs","Hand Count and Optical Scan",
"2302914940","Maine","Town of Crawford (Washington County)","83","1","Assigned Polling Place","No","Hand marked paper ballots and BMDs","Hand Count and Optical Scan",
"2302915920","Maine","Town of Cutler (Washington County)","384","1","Assigned Polling Place","No","Hand marked paper ballots and BMDs","Hand Count and Optical Scan",
"2302916410","Maine","Town of Danforth (Washington County)","592","1","Assigned Polling Place","No","Hand marked paper ballots and BMDs","Hand Count and Optical Scan",
"2302916865","Maine","Town of Deblois (Washington County)","50","1","Assigned Polling Place","No","Hand marked paper ballots and BMDs","Hand Count and Optical Scan",
"2302917355","Maine","Town of Dennysville (Washington County)","207","1","Assigned Polling Place","No","Hand marked paper ballots and BMDs","Hand Count and Optical Scan",
"2302920960","Maine","Town of East Machias (Washington County)","945","1","Assigned Polling Place","No","Hand marked paper ballots and BMDs","Hand Count and Optical Scan",
"2302921730","Maine","City of Eastport (Washington County)","972","1","Assigned Polling Place","No","Hand marked paper ballots and BMDs","Hand Count and Optical Scan",
"2309999903","Maine","Edmunds Township","180","1","Assigned Polling Place","No","Hand marked paper ballots and BMDs","Hand Count and Optical Scan",
"2302928660","Maine","Grand Lake Stream Plantation (Washington County)","122","1","Assigned Polling Place","No","Hand marked paper ballots and BMDs","Hand Count and Optical Scan",
"2302931530","Maine","Town of Harrington (Washington County)","636","1","Assigned Polling Place","No","Hand marked paper ballots and BMDs","Hand Count and Optical Scan",
"2309999904","Maine","Indian Township","320","1","Assigned Polling Place","No","Hand marked paper ballots and BMDs","Hand Count and Optical Scan",
"2302935905","Maine","Town of Jonesboro (Washington County)","369","1","Assigned Polling Place","No","Hand marked paper ballots and BMDs","Hand Count and Optical Scan",
"2302936010","Maine","Town of Jonesport (Washington County)","834","1","Assigned Polling Place","No","Hand marked paper ballots and BMDs","Hand Count and Optical Scan",
"2302941610","Maine","Town of Lubec (Washington County)","1020","1","Assigned Polling Place","No","Hand marked paper ballots and BMDs","Hand Count and Optical Scan",
"2302941960","Maine","Town of Machias (Washington County)","1165","1","Assigned Polling Place","No","Hand marked paper ballots and BMDs","Hand Count and Optical Scan",
"2302942100","Maine","Town of Machiasport (Washington County)","644","1","Assigned Polling Place","No","Hand marked paper ballots and BMDs","Hand Count and Optical Scan",
"2302943640","Maine","Town of Marshfield (Washington County)","361","1","Assigned Polling Place","No","Hand marked paper ballots and BMDs","Hand Count and Optical Scan",
"2302944760","Maine","Town of Meddybemps (Washington County)","113","1","Assigned Polling Place","No","Hand marked paper ballots and BMDs","Hand Count and Optical Scan",
"2302945600","Maine","Town of Milbridge (Washington County)","864","1","Assigned Polling Place","No","Hand marked paper ballots and BMDs","Hand Count and Optical Scan",
"2302951375","Maine","Town of Northfield (Washington County)","149","1","Assigned Polling Place","No","Hand marked paper ballots and BMDs","Hand Count and Optical Scan",
"2302957780","Maine","Town of Pembroke (Washington County)","551","1","Assigned Polling Place","No","Hand marked paper ballots and BMDs","Hand Count and Optical Scan",
"2302958165","Maine","Town of Perry (Washington County)","550","1","Assigned Polling Place","No","Hand marked paper ballots and BMDs","Hand Count and Optical Scan",
"2302957090","Maine","Pleasant Point Voting District (Washington County)","277","1","Assigned Polling Place","No","Hand marked paper ballots and BMDs","Hand Count and Optical Scan",
"2302961035","Maine","Town of Princeton (Washington County)","506","2","Assigned Polling Place","No","Hand marked paper ballots and BMDs","Hand Count and Optical Scan",
"2302963275","Maine","Town of Robbinston (Washington County)","399","1","Assigned Polling Place","No","Hand marked paper ballots and BMDs","Hand Count and Optical Scan",
"2302963940","Maine","Town of Roque Bluffs (Washington County)","213","1","Assigned Polling Place","No","Hand marked paper ballots and BMDs","Hand Count and Optical Scan",
"2302974125","Maine","Town of Steuben (Washington County)","764","1","Assigned Polling Place","No","Hand marked paper ballots and BMDs","Hand Count and Optical Scan",
"2302975770","Maine","Town of Talmadge (Washington County)","42","1","Assigned Polling Place","No","Hand marked paper ballots and BMDs","Hand Count and Optical Scan",
"2302976895","Maine","Town of Topsfield (Washington County)","136","1","Assigned Polling Place","No","Hand marked paper ballots and BMDs","Hand Count and Optical Scan",
"2302978675","Maine","Town of Vanceboro (Washington County)","113","1","Assigned Polling Place","No","Hand marked paper ballots and BMDs","Hand Count and Optical Scan",
"2302979375","Maine","Town of Waite (Washington County)","52","1","Assigned Polling Place","No","Hand marked paper ballots and BMDs","Hand Count and Optical Scan",
"2302981685","Maine","Town of Wesley (Washington County)","101","1","Assigned Polling Place","No","Hand marked paper ballots and BMDs","Hand Count and Optical Scan",
"2302985185","Maine","Town of Whiting (Washington County)","431","1","Assigned Polling Place","No","Hand marked paper ballots and BMDs","Hand Count and Optical Scan",
"2302985290","Maine","Town of Whitneyville (Washington County)","135","1","Assigned Polling Place","No","Hand marked paper ballots and BMDs","Hand Count and Optical Scan",
"2303100275","Maine","Town of Acton (York County)","1903","1","Assigned Polling Place","No","Hand marked paper ballots and BMDs","Optical Scan",
"2303100730","Maine","Town of Alfred (York County)","2253","1","Assigned Polling Place","No","Hand marked paper ballots and BMDs","Optical Scan",
"2303101605","Maine","Town of Arundel (York County)","3146","1","Assigned Polling Place","No","Hand marked paper ballots and BMDs","Optical Scan",
"2303104720","Maine","Town of Berwick (York County)","5030","1","Assigned Polling Place","No","Hand marked paper ballots and BMDs","Optical Scan",
"2303104860","Maine","City of Biddeford (York County)","13030","1","Assigned Polling Place","No","Hand marked paper ballots and BMDs","Optical Scan",
"2303109410","Maine","Town of Buxton (York County)","5836","1","Assigned Polling Place","No","Hand marked paper ballots and BMDs","Optical Scan",
"2303114485","Maine","Town of Cornish (York County)","1040","1","Assigned Polling Place","No","Hand marked paper ballots and BMDs","Optical Scan",
"2303116725","Maine","Town of Dayton (York County)","1543","1","Assigned Polling Place","No","Hand marked paper ballots and BMDs","Optical Scan",
"2303122955","Maine","Town of Eliot (York County)","5317","1","Assigned Polling Place","No","Hand marked paper ballots and BMDs","Optical Scan",
"2303133665","Maine","Town of Hollis (York County)","3224","1","Assigned Polling Place","No","Hand marked paper ballots and BMDs","Optical Scan",
"2303136535","Maine","Town of Kennebunk (York County)","9329","1","Assigned Polling Place","No","Hand marked paper ballots and BMDs","Optical Scan",
"2303136745","Maine","Town of Kennebunkport (York County)","3127","1","Assigned Polling Place","No","Hand marked paper ballots and BMDs","Optical Scan",
"2303137270","Maine","Town of Kittery (York County)","7527","1","Assigned Polling Place","No","Hand marked paper ballots and BMDs","Optical Scan",
"2303138425","Maine","Town of Lebanon (York County)","4136","1","Assigned Polling Place","No","Hand marked paper ballots and BMDs","Optical Scan",
"2303139195","Maine","Town of Limerick (York County)","2143","1","Assigned Polling Place","No","Hand marked paper ballots and BMDs","Optical Scan",
"2303139405","Maine","Town of Limington (York County)","2513","1","Assigned Polling Place","No","Hand marked paper ballots and BMDs","Optical Scan",
"2303141750","Maine","Town of Lyman (York County)","3276","1","Assigned Polling Place","No","Hand marked paper ballots and BMDs","Optical Scan",
"2303148750","Maine","Town of Newfield (York County)","1103","1","Assigned Polling Place","No","Hand marked paper ballots and BMDs","Optical Scan",
"2303150325","Maine","Town of North Berwick (York County)","3519","1","Assigned Polling Place","No","Hand marked paper ballots and BMDs","Optical Scan",
"2303154980","Maine","Town of Ogunquit (York County)","1292","1","Assigned Polling Place","No","Hand marked paper ballots and BMDs","Optical Scan",
"2303155085","Maine","Town of Old Orchard Beach (York County)","4919","2","Assigned Polling Place","No","Hand marked paper ballots and BMDs","Optical Scan",
"2303156870","Maine","Town of Parsonsfield (York County)","1208","1","Assigned Polling Place","No","Hand marked paper ballots and BMDs","Optical Scan",
"2303164675","Maine","City of Saco (York County)","13961","1","Assigned Polling Place","No","Hand marked paper ballots and BMDs","Optical Scan",
"2303165760","Maine","Town of Sanford (York County)","12366","3","Assigned Polling Place","No","Hand marked paper ballots and BMDs","Optical Scan",
"2303167475","Maine","Town of Shapleigh (York County)","2013","1","Assigned Polling Place","No","Hand marked paper ballots and BMDs","Optical Scan",
"2303170030","Maine","Town of South Berwick (York County)","5214","1","Assigned Polling Place","No","Hand marked paper ballots and BMDs","Optical Scan",
"2303180530","Maine","Town of Waterboro (York County)","5040","1","Assigned Polling Place","No","Hand marked paper ballots and BMDs","Optical Scan",
"2303181475","Maine","Town of Wells (York County)","9122","1","Assigned Polling Place","No","Hand marked paper ballots and BMDs","Optical Scan",
"2303187985","Maine","Town of York (York County)","10881","1","Assigned Polling Place","No","Hand marked paper ballots and BMDs","Optical Scan",
"2400100000","Maryland","Allegany County","43758","37","Assigned Polling Place","No","Hand marked paper ballots and BMDs","Optical Scan",
"2400300000","Maryland","Anne Arundel County","408257","195","Assigned Polling Place","No","Hand marked paper ballots and BMDs","Optical Scan",
"2451000000","Maryland","City of Baltimore","393188","296","Assigned Polling Place","No","Hand marked paper ballots and BMDs","Optical Scan",
"2400500000","Maryland","Baltimore County","570120","243","Assigned Polling Place","No","Hand marked paper ballots and BMDs","Optical Scan",
"2400900000","Maryland","Calvert County","68244","20","Assigned Polling Place","No","Hand marked paper ballots and BMDs","Optical Scan",
"2401100000","Maryland","Caroline County","21570","8","Assigned Polling Place","No","Hand marked paper ballots and BMDs","Optical Scan",
"2401300000","Maryland","Carroll County","128409","50","Assigned Polling Place","No","Hand marked paper ballots and BMDs","Optical Scan",
"2401500000","Maryland","Cecil County","70850","28","Assigned Polling Place","No","Hand marked paper ballots and BMDs","Optical Scan",
"2401700000","Maryland","Charles County","121202","44","Assigned Polling Place","No","Hand marked paper ballots and BMDs","Optical Scan",
"2401900000","Maryland","Dorchester County","22785","44","Assigned Polling Place","No","Hand marked paper ballots and BMDs","Optical Scan",
"2402100000","Maryland","Frederick County","195838","83","Assigned Polling Place","No","Hand marked paper ballots and BMDs","Optical Scan",
"2402300000","Maryland","Garrett County","20437","19","Assigned Polling Place","No","Hand marked paper ballots and BMDs","Optical Scan",
"2402500000","Maryland","Harford County","190594","72","Assigned Polling Place","No","Hand marked paper ballots and BMDs","Optical Scan",
"2402700000","Maryland","Howard County","230331","118","Assigned Polling Place","No","Hand marked paper ballots and BMDs","Optical Scan",
"2402900000","Maryland","Kent County","13821","10","Assigned Polling Place","No","Hand marked paper ballots and BMDs","Optical Scan",
"2403100000","Maryland","Montgomery County","683808","258","Assigned Polling Place","No","Hand marked paper ballots and BMDs","Optical Scan",
"2403300000","Maryland","Prince George's County","602969","327","Assigned Polling Place","No","Hand marked paper ballots and BMDs","Optical Scan",
"2403500000","Maryland","Queen Anne's County","39465","11","Assigned Polling Place","No","Hand marked paper ballots and BMDs","Optical Scan",
"2403900000","Maryland","Somerset County","14104","23","Assigned Polling Place","No","Hand marked paper ballots and BMDs","Optical Scan",
"2403700000","Maryland","St. Mary's County","74460","38","Assigned Polling Place","No","Hand marked paper ballots and BMDs","Optical Scan",
"2404100000","Maryland","Talbot County","28610","12","Assigned Polling Place","No","Hand marked paper ballots and BMDs","Optical Scan",
"2404300000","Maryland","Washington County","99408","55","Assigned Polling Place","No","Hand marked paper ballots and BMDs","Optical Scan",
"2404500000","Maryland","Wicomico County","65563","63","Assigned Polling Place","No","Hand marked paper ballots and BMDs","Optical Scan",
"2404700000","Maryland","Worcester County","42118","20","Assigned Polling Place","No","Hand marked paper ballots and BMDs","Optical Scan",
"2500103600","Massachusetts","Town of Barnstable (Barnstable County)","34983","13","Assigned Polling Place","No","Hand marked paper ballots and BMDs","Hand Count and Optical Scan",
"2500107175","Massachusetts","Town of Bourne (Barnstable County)","14156","8","Assigned Polling Place","No","Hand marked paper ballots and BMDs","Hand Count and Optical Scan",
"2500107980","Massachusetts","Town of Brewster (Barnstable County)","8363","3","Assigned Polling Place","No","Hand marked paper ballots and BMDs","Hand Count and Optical Scan",
"2500112995","Massachusetts","Town of Chatham (Barnstable County)","6018","2","Assigned Polling Place","No","Hand marked paper ballots and BMDs","Hand Count and Optical Scan",
"2500116775","Massachusetts","Town of Dennis (Barnstable County)","12561","5","Assigned Polling Place","No","Hand marked paper ballots and BMDs","Hand Count and Optical Scan",
"2500119295","Massachusetts","Town of Eastham (Barnstable County)","4315","1","Assigned Polling Place","No","Hand marked paper ballots and BMDs","Hand Count and Optical Scan",
"2500123105","Massachusetts","Town of Falmouth (Barnstable County)","23957","9","Assigned Polling Place","No","Hand marked paper ballots and BMDs","Hand Count and Optical Scan",
"2500129020","Massachusetts","Town of Harwich (Barnstable County)","10938","4","Assigned Polling Place","No","Hand marked paper ballots and BMDs","Hand Count and Optical Scan",
"2500139100","Massachusetts","Town of Mashpee (Barnstable County)","10361","5","Assigned Polling Place","No","Hand marked paper ballots and BMDs","Hand Count and Optical Scan",
"2500151440","Massachusetts","Town of Orleans (Barnstable County)","5040","2","Assigned Polling Place","No","Hand marked paper ballots and BMDs","Hand Count and Optical Scan",
"2500155500","Massachusetts","Town of Provincetown (Barnstable County)","3257","1","Assigned Polling Place","No","Hand marked paper ballots and BMDs","Hand Count and Optical Scan",
"2500159735","Massachusetts","Town of Sandwich (Barnstable County)","16174","6","Assigned Polling Place","No","Hand marked paper ballots and BMDs","Hand Count and Optical Scan",
"2500170605","Massachusetts","Town of Truro (Barnstable County)","2029","1","Assigned Polling Place","No","Hand marked paper ballots and BMDs","Hand Count and Optical Scan",
"2500174385","Massachusetts","Town of Wellfleet (Barnstable County)","2823","1","Assigned Polling Place","No","Hand marked paper ballots and BMDs","Hand Count and Optical Scan",
"2500182525","Massachusetts","Town of Yarmouth (Barnstable County)","21105","9","Assigned Polling Place","No","Hand marked paper ballots and BMDs","Hand Count and Optical Scan",
"2500300555","Massachusetts","Town of Adams (Berkshire County)","5860","5","Assigned Polling Place","No","Hand marked paper ballots and BMDs","Hand Count and Optical Scan",
"2500300975","Massachusetts","Town of Alford (Berkshire County)","367","1","Assigned Polling Place","No","Hand marked paper ballots and BMDs","Hand Count and Optical Scan",
"2500304545","Massachusetts","Town of Becket (Berkshire County)","1814","1","Assigned Polling Place","No","Hand marked paper ballots and BMDs","Hand Count and Optical Scan",
"2500313345","Massachusetts","Town of Cheshire (Berkshire County)","2427","1","Assigned Polling Place","No","Hand marked paper ballots and BMDs","Hand Count and Optical Scan",
"2500314010","Massachusetts","Town of Clarksburg (Berkshire County)","1162","1","Assigned Polling Place","No","Hand marked paper ballots and BMDs","Hand Count and Optical Scan",
"2500316180","Massachusetts","Town of Dalton (Berkshire County)","4264","2","Assigned Polling Place","No","Hand marked paper ballots and BMDs","Hand Count and Optical Scan",
"2500321360","Massachusetts","Town of Egremont (Berkshire County)","1115","1","Assigned Polling Place","No","Hand marked paper ballots and BMDs","Hand Count and Optical Scan",
"2500324120","Massachusetts","Town of Florida (Berkshire County)","518","1","Assigned Polling Place","No","Hand marked paper ballots and BMDs","Hand Count and Optical Scan",
"2500326815","Massachusetts","Town of Great Barrington (Berkshire County)","4996","4","Assigned Polling Place","No","Hand marked paper ballots and BMDs","Hand Count and Optical Scan",
"2500328180","Massachusetts","Town of Hancock (Berkshire County)","507","1","Assigned Polling Place","No","Hand marked paper ballots and BMDs","Hand Count and Optical Scan",
"2500330315","Massachusetts","Town of Hinsdale (Berkshire County)","1489","1","Assigned Polling Place","No","Hand marked paper ballots and BMDs","Hand Count and Optical Scan",
"2500334340","Massachusetts","Town of Lanesborough (Berkshire County)","2369","1","Assigned Polling Place","No","Hand marked paper ballots and BMDs","Hand Count and Optical Scan",
"2500334655","Massachusetts","Town of Lee (Berkshire County)","4030","1","Assigned Polling Place","No","Hand marked paper ballots and BMDs","Hand Count and Optical Scan",
"2500334970","Massachusetts","Town of Lenox (Berkshire County)","3170","1","Assigned Polling Place","No","Hand marked paper ballots and BMDs","Hand Count and Optical Scan",
"2500342460","Massachusetts","Town of Monterey (Berkshire County)","760","1","Assigned Polling Place","No","Hand marked paper ballots and BMDs","Hand Count and Optical Scan",
"2500343300","Massachusetts","Town of Mount Washington (Berkshire County)","140","1","Assigned Polling Place","No","Hand marked paper ballots and BMDs","Hand Count and Optical Scan",
"2500344385","Massachusetts","Town of New Ashford (Berkshire County)","196","1","Assigned Polling Place","No","Hand marked paper ballots and BMDs","Hand Count and Optical Scan",
"2500345420","Massachusetts","Town of New Marlborough (Berkshire County)","1125","1","Assigned Polling Place","No","Hand marked paper ballots and BMDs","Hand Count and Optical Scan",
"2500346225","Massachusetts","City of North Adams (Berkshire County)","8915","5","Assigned Polling Place","No","Hand marked paper ballots and BMDs","Hand Count and Optical Scan",
"2500351580","Massachusetts","Town of Otis (Berkshire County)","1194","1","Assigned Polling Place","No","Hand marked paper ballots and BMDs","Hand Count and Optical Scan",
"2500353050","Massachusetts","Town of Peru (Berkshire County)","681","1","Assigned Polling Place","No","Hand marked paper ballots and BMDs","Hand Count and Optical Scan",
"2500353960","Massachusetts","City of Pittsfield (Berkshire County)","23096","14","Assigned Polling Place","No","Hand marked paper ballots and BMDs","Hand Count and Optical Scan",
"2500356795","Massachusetts","Town of Richmond (Berkshire County)","1286","1","Assigned Polling Place","No","Hand marked paper ballots and BMDs","Hand Count and Optical Scan",
"2500359665","Massachusetts","Town of Sandisfield (Berkshire County)","658","1","Assigned Polling Place","No","Hand marked paper ballots and BMDs","Hand Count and Optical Scan",
"2500360225","Massachusetts","Town of Savoy (Berkshire County)","550","1","Assigned Polling Place","No","Hand marked paper ballots and BMDs","Hand Count and Optical Scan",
"2500361065","Massachusetts","Town of Sheffield (Berkshire County)","2362","1","Assigned Polling Place","No","Hand marked paper ballots and BMDs","Hand Count and Optical Scan",
"2500367595","Massachusetts","Town of Stockbridge (Berkshire County)","1572","1","Assigned Polling Place","No","Hand marked paper ballots and BMDs","Hand Count and Optical Scan",
"2500371095","Massachusetts","Town of Tyringham (Berkshire County)","368","1","Assigned Polling Place","No","Hand marked paper ballots and BMDs","Hand Count and Optical Scan",
"2500373335","Massachusetts","Town of Washington (Berkshire County)","410","1","Assigned Polling Place","No","Hand marked paper ballots and BMDs","Hand Count and Optical Scan",
"2500377990","Massachusetts","Town of West Stockbridge (Berkshire County)","1182","1","Assigned Polling Place","No","Hand marked paper ballots and BMDs","Hand Count and Optical Scan",
"2500379985","Massachusetts","Town of Williamstown (Berkshire County)","4161","3","Assigned Polling Place","No","Hand marked paper ballots and BMDs","Hand Count and Optical Scan",
"2500380685","Massachusetts","Town of Windsor (Berkshire County)","678","1","Assigned Polling Place","No","Hand marked paper ballots and BMDs","Hand Count and Optical Scan",
"2500500520","Massachusetts","Town of Acushnet (Bristol County)","7209","4","Assigned Polling Place","No","Hand marked paper ballots and BMDs","Optical Scan",
"2500502690","Massachusetts","City of Attleboro (Bristol County)","23124","12","Assigned Polling Place","No","Hand marked paper ballots and BMDs","Optical Scan",
"2500505280","Massachusetts","Town of Berkley (Bristol County)","4265","2","Assigned Polling Place","No","Hand marked paper ballots and BMDs","Optical Scan",
"2500516425","Massachusetts","Town of Dartmouth (Bristol County)","21126","9","Assigned Polling Place","No","Hand marked paper ballots and BMDs","Optical Scan",
"2500516950","Massachusetts","Town of Dighton (Bristol County)","5027","3","Assigned Polling Place","No","Hand marked paper ballots and BMDs","Optical Scan",
"2500520100","Massachusetts","Town of Easton (Bristol County)","14350","8","Assigned Polling Place","No","Hand marked paper ballots and BMDs","Optical Scan",
"2500522130","Massachusetts","Town of Fairhaven (Bristol County)","12329","6","Assigned Polling Place","No","Hand marked paper ballots and BMDs","Optical Scan",
"2500523000","Massachusetts","City of Fall River (Bristol County)","31609","27","Assigned Polling Place","No","Hand marked paper ballots and BMDs","Optical Scan",
"2500525240","Massachusetts","Town of Freetown (Bristol County)","6081","3","Assigned Polling Place","No","Hand marked paper ballots and BMDs","Optical Scan",
"2500538225","Massachusetts","Town of Mansfield (Bristol County)","17576","9","Assigned Polling Place","No","Hand marked paper ballots and BMDs","Optical Scan",
"2500545000","Massachusetts","City of New Bedford (Bristol County)","64050","41","Assigned Polling Place","No","Hand marked paper ballots and BMDs","Optical Scan",
"2500546575","Massachusetts","Town of North Attleborough (Bristol County)","15834","9","Assigned Polling Place","No","Hand marked paper ballots and BMDs","Optical Scan",
"2500549970","Massachusetts","Town of Norton (Bristol County)","13644","5","Assigned Polling Place","No","Hand marked paper ballots and BMDs","Optical Scan",
"2500556060","Massachusetts","Town of Raynham (Bristol County)","11857","6","Assigned Polling Place","No","Hand marked paper ballots and BMDs","Optical Scan",
"2500556375","Massachusetts","Town of Rehoboth (Bristol County)","9357","4","Assigned Polling Place","No","Hand marked paper ballots and BMDs","Optical Scan",
"2500560645","Massachusetts","Town of Seekonk (Bristol County)","9891","4","Assigned Polling Place","No","Hand marked paper ballots and BMDs","Optical Scan",
"2500562430","Massachusetts","Town of Somerset (Bristol County)","11568","5","Assigned Polling Place","No","Hand marked paper ballots and BMDs","Optical Scan",
"2500568750","Massachusetts","Town of Swansea (Bristol County)","12449","5","Assigned Polling Place","No","Hand marked paper ballots and BMDs","Optical Scan",
"2500569170","Massachusetts","City of Taunton (Bristol County)","25193","18","Assigned Polling Place","No","Hand marked paper ballots and BMDs","Optical Scan",
"2500577570","Massachusetts","Town of Westport (Bristol County)","13212","5","Assigned Polling Place","No","Hand marked paper ballots and BMDs","Optical Scan",
"2500701585","Massachusetts","Town of Aquinnah (Dukes County)","412","1","Assigned Polling Place","No","Hand marked paper ballots and BMDs","Hand Count and Optical Scan",
"2500713800","Massachusetts","Town of Chilmark (Dukes County)","981","1","Assigned Polling Place","No","Hand marked paper ballots and BMDs","Hand Count and Optical Scan",
"2500721150","Massachusetts","Town of Edgartown (Dukes County)","3705","1","Assigned Polling Place","No","Hand marked paper ballots and BMDs","Hand Count and Optical Scan",
"2500726325","Massachusetts","Town of Gosnold (Dukes County)","112","1","Assigned Polling Place","No","Hand marked paper ballots and BMDs","Hand Count and Optical Scan",
"2500750390","Massachusetts","Town of Oak Bluffs (Dukes County)","4008","1","Assigned Polling Place","No","Hand marked paper ballots and BMDs","Hand Count and Optical Scan",
"2500769940","Massachusetts","Town of Tisbury (Dukes County)","3740","1","Assigned Polling Place","No","Hand marked paper ballots and BMDs","Hand Count and Optical Scan",
"2500778235","Massachusetts","Town of West Tisbury (Dukes County)","2774","1","Assigned Polling Place","No","Hand marked paper ballots and BMDs","Hand Count and Optical Scan",
"2500901185","Massachusetts","City of Amesbury (Essex County)","10033","6","Assigned Polling Place","No","Hand marked paper ballots and BMDs","Optical Scan",
"2500901465","Massachusetts","Town of Andover (Essex County)","20802","11","Assigned Polling Place","No","Hand marked paper ballots and BMDs","Optical Scan",
"2500905595","Massachusetts","City of Beverly (Essex County)","29974","12","Assigned Polling Place","No","Hand marked paper ballots and BMDs","Optical Scan",
"2500907420","Massachusetts","Town of Boxford (Essex County)","6270","3","Assigned Polling Place","No","Hand marked paper ballots and BMDs","Optical Scan",
"2500916250","Massachusetts","Town of Danvers (Essex County)","18986","8","Assigned Polling Place","No","Hand marked paper ballots and BMDs","Optical Scan",
"2500921850","Massachusetts","Town of Essex (Essex County)","2580","1","Assigned Polling Place","No","Hand marked paper ballots and BMDs","Optical Scan",
"2500925625","Massachusetts","Town of Georgetown (Essex County)","5483","3","Assigned Polling Place","No","Hand marked paper ballots and BMDs","Optical Scan",
"2500926150","Massachusetts","City of Gloucester (Essex County)","17554","10","Assigned Polling Place","No","Hand marked paper ballots and BMDs","Optical Scan",
"2500927620","Massachusetts","Town of Groveland (Essex County)","4926","2","Assigned Polling Place","No","Hand marked paper ballots and BMDs","Optical Scan",
"2500927900","Massachusetts","Town of Hamilton (Essex County)","4983","2","Assigned Polling Place","No","Hand marked paper ballots and BMDs","Optical Scan",
"2500929405","Massachusetts","City of Haverhill (Essex County)","29247","28","Assigned Polling Place","No","Hand marked paper ballots and BMDs","Optical Scan",
"2500932310","Massachusetts","Town of Ipswich (Essex County)","9878","4","Assigned Polling Place","No","Hand marked paper ballots and BMDs","Optical Scan",
"2500934550","Massachusetts","City of Lawrence (Essex County)","19171","26","Assigned Polling Place","No","Hand marked paper ballots and BMDs","Optical Scan",
"2500937490","Massachusetts","City of Lynn (Essex County)","54207","30","Assigned Polling Place","No","Hand marked paper ballots and BMDs","Optical Scan",
"2500937560","Massachusetts","Town of Lynnfield (Essex County)","8462","4","Assigned Polling Place","No","Hand marked paper ballots and BMDs","Optical Scan",
"2500937995","Massachusetts","Town of Manchester-by-the-Sea (Essex County)","3805","1","Assigned Polling Place","No","Hand marked paper ballots and BMDs","Optical Scan",
"2500938400","Massachusetts","Town of Marblehead (Essex County)","13934","6","Assigned Polling Place","No","Hand marked paper ballots and BMDs","Optical Scan",
"2500940430","Massachusetts","Town of Merrimac (Essex County)","5794","2","Assigned Polling Place","No","Hand marked paper ballots and BMDs","Optical Scan",
"2500940710","Massachusetts","City of Methuen (Essex County)","35913","17","Assigned Polling Place","No","Hand marked paper ballots and BMDs","Optical Scan",
"2500941095","Massachusetts","Town of Middleton (Essex County)","6380","3","Assigned Polling Place","No","Hand marked paper ballots and BMDs","Optical Scan",
"2500943580","Massachusetts","Town of Nahant (Essex County)","2668","1","Assigned Polling Place","No","Hand marked paper ballots and BMDs","Optical Scan",
"2500945175","Massachusetts","Town of Newbury (Essex County)","5347","2","Assigned Polling Place","No","Hand marked paper ballots and BMDs","Optical Scan",
"2500945245","Massachusetts","City of Newburyport (Essex County)","15764","7","Assigned Polling Place","No","Hand marked paper ballots and BMDs","Optical Scan",
"2500946365","Massachusetts","Town of North Andover (Essex County)","17391","8","Assigned Polling Place","No","Hand marked paper ballots and BMDs","Optical Scan",
"2500952490","Massachusetts","City of Peabody (Essex County)","37320","19","Assigned Polling Place","No","Hand marked paper ballots and BMDs","Optical Scan",
"2500957880","Massachusetts","Town of Rockport (Essex County)","5697","3","Assigned Polling Place","No","Hand marked paper ballots and BMDs","Optical Scan",
"2500958405","Massachusetts","Town of Rowley (Essex County)","4891","1","Assigned Polling Place","No","Hand marked paper ballots and BMDs","Optical Scan",
"2500959105","Massachusetts","City of Salem (Essex County)","27922","14","Assigned Polling Place","No","Hand marked paper ballots and BMDs","Optical Scan",
"2500959245","Massachusetts","Town of Salisbury (Essex County)","6621","3","Assigned Polling Place","No","Hand marked paper ballots and BMDs","Optical Scan",
"2500960015","Massachusetts","Town of Saugus (Essex County)","14762","10","Assigned Polling Place","No","Hand marked paper ballots and BMDs","Optical Scan",
"2500968645","Massachusetts","Town of Swampscott (Essex County)","11610","6","Assigned Polling Place","No","Hand marked paper ballots and BMDs","Optical Scan",
"2500970150","Massachusetts","Town of Topsfield (Essex County)","4358","2","Assigned Polling Place","No","Hand marked paper ballots and BMDs","Optical Scan",
"2500974595","Massachusetts","Town of Wenham (Essex County)","2627","2","Assigned Polling Place","No","Hand marked paper ballots and BMDs","Optical Scan",
"2500977150","Massachusetts","Town of West Newbury (Essex County)","3337","1","Assigned Polling Place","No","Hand marked paper ballots and BMDs","Optical Scan",
"2501102095","Massachusetts","Town of Ashfield (Franklin County)","1340","1","Assigned Polling Place","No","Hand marked paper ballots and BMDs","Hand Count and Optical Scan",
"2501105560","Massachusetts","Town of Bernardston (Franklin County)","1459","1","Assigned Polling Place","No","Hand marked paper ballots and BMDs","Hand Count and Optical Scan",
"2501109595","Massachusetts","Town of Buckland (Franklin County)","1210","1","Assigned Polling Place","No","Hand marked paper ballots and BMDs","Hand Count and Optical Scan",
"2501112505","Massachusetts","Town of Charlemont (Franklin County)","948","1","Assigned Polling Place","No","Hand marked paper ballots and BMDs","Hand Count and Optical Scan",
"2501114885","Massachusetts","Town of Colrain (Franklin County)","1090","1","Assigned Polling Place","No","Hand marked paper ballots and BMDs","Hand Count and Optical Scan",
"2501115200","Massachusetts","Town of Conway (Franklin County)","1339","1","Assigned Polling Place","No","Hand marked paper ballots and BMDs","Hand Count and Optical Scan",
"2501116670","Massachusetts","Town of Deerfield (Franklin County)","3597","1","Assigned Polling Place","No","Hand marked paper ballots and BMDs","Hand Count and Optical Scan",
"2501121780","Massachusetts","Town of Erving (Franklin County)","1181","1","Assigned Polling Place","No","Hand marked paper ballots and BMDs","Hand Count and Optical Scan",
"2501125730","Massachusetts","Town of Gill (Franklin County)","1225","1","Assigned Polling Place","No","Hand marked paper ballots and BMDs","Hand Count and Optical Scan",
"2501127025","Massachusetts","Town of Greenfield (Franklin County)","9797","9","Assigned Polling Place","No","Hand marked paper ballots and BMDs","Hand Count and Optical Scan",
"2501129475","Massachusetts","Town of Hawley (Franklin County)","261","1","Assigned Polling Place","No","Hand marked paper ballots and BMDs","Hand Count and Optical Scan",
"2501129650","Massachusetts","Town of Heath (Franklin County)","560","1","Assigned Polling Place","No","Hand marked paper ballots and BMDs","Hand Count and Optical Scan",
"2501135180","Massachusetts","Town of Leverett (Franklin County)","1315","1","Assigned Polling Place","No","Hand marked paper ballots and BMDs","Hand Count and Optical Scan",
"2501135285","Massachusetts","Town of Leyden (Franklin County)","604","1","Assigned Polling Place","No","Hand marked paper ballots and BMDs","Hand Count and Optical Scan",
"2501142040","Massachusetts","Town of Monroe (Franklin County)","84","1","Assigned Polling Place","No","Hand marked paper ballots and BMDs","Hand Count and Optical Scan",
"2501142285","Massachusetts","Town of Montague (Franklin County)","6523","6","Assigned Polling Place","No","Hand marked paper ballots and BMDs","Hand Count and Optical Scan",
"2501145490","Massachusetts","Town of New Salem (Franklin County)","857","1","Assigned Polling Place","No","Hand marked paper ballots and BMDs","Hand Count and Optical Scan",
"2501147835","Massachusetts","Town of Northfield (Franklin County)","2545","1","Assigned Polling Place","No","Hand marked paper ballots and BMDs","Hand Count and Optical Scan",
"2501151265","Massachusetts","Town of Orange (Franklin County)","5709","2","Assigned Polling Place","No","Hand marked paper ballots and BMDs","Hand Count and Optical Scan",
"2501158335","Massachusetts","Town of Rowe (Franklin County)","290","1","Assigned Polling Place","No","Hand marked paper ballots and BMDs","Hand Count and Optical Scan",
"2501161135","Massachusetts","Town of Shelburne (Franklin County)","1455","1","Assigned Polling Place","No","Hand marked paper ballots and BMDs","Hand Count and Optical Scan",
"2501161905","Massachusetts","Town of Shutesbury (Franklin County)","1492","1","Assigned Polling Place","No","Hand marked paper ballots and BMDs","Hand Count and Optical Scan",
"2501168400","Massachusetts","Town of Sunderland (Franklin County)","1852","1","Assigned Polling Place","No","Hand marked paper ballots and BMDs","Hand Count and Optical Scan",
"2501173265","Massachusetts","Town of Warwick (Franklin County)","658","1","Assigned Polling Place","No","Hand marked paper ballots and BMDs","Hand Count and Optical Scan",
"2501174525","Massachusetts","Town of Wendell (Franklin County)","722","1","Assigned Polling Place","No","Hand marked paper ballots and BMDs","Hand Count and Optical Scan",
"2501179110","Massachusetts","Town of Whately (Franklin County)","1120","1","Assigned Polling Place","No","Hand marked paper ballots and BMDs","Hand Count and Optical Scan",
"2501300765","Massachusetts","Town of Agawam (Hampden County)","19963","8","Assigned Polling Place","No","Hand marked paper ballots and BMDs","Hand Count and Optical Scan",
"2501306085","Massachusetts","Town of Blandford (Hampden County)","865","1","Assigned Polling Place","No","Hand marked paper ballots and BMDs","Hand Count and Optical Scan",
"2501308470","Massachusetts","Town of Brimfield (Hampden County)","2926","1","Assigned Polling Place","No","Hand marked paper ballots and BMDs","Hand Count and Optical Scan",
"2501313485","Massachusetts","Town of Chester (Hampden County)","918","1","Assigned Polling Place","No","Hand marked paper ballots and BMDs","Hand Count and Optical Scan",
"2501313660","Massachusetts","City of Chicopee (Hampden County)","36201","21","Assigned Polling Place","No","Hand marked paper ballots and BMDs","Hand Count and Optical Scan",
"2501319645","Massachusetts","Town of East Longmeadow (Hampden County)","12586","8","Assigned Polling Place","No","Hand marked paper ballots and BMDs","Hand Count and Optical Scan",
"2501326675","Massachusetts","Town of Granville (Hampden County)","1215","1","Assigned Polling Place","No","Hand marked paper ballots and BMDs","Hand Count and Optical Scan",
"2501328075","Massachusetts","Town of Hampden (Hampden County)","3325","1","Assigned Polling Place","No","Hand marked paper ballots and BMDs","Hand Count and Optical Scan",
"2501330665","Massachusetts","Town of Holland (Hampden County)","2257","1","Assigned Polling Place","No","Hand marked paper ballots and BMDs","Hand Count and Optical Scan",
"2501330840","Massachusetts","City of Holyoke (Hampden County)","22954","14","Assigned Polling Place","No","Hand marked paper ballots and BMDs","Hand Count and Optical Scan",
"2501336300","Massachusetts","Town of Longmeadow (Hampden County)","11182","5","Assigned Polling Place","No","Hand marked paper ballots and BMDs","Hand Count and Optical Scan",
"2501337175","Massachusetts","Town of Ludlow (Hampden County)","12339","6","Assigned Polling Place","No","Hand marked paper ballots and BMDs","Hand Count and Optical Scan",
"2501342145","Massachusetts","Town of Monson (Hampden County)","5741","3","Assigned Polling Place","No","Hand marked paper ballots and BMDs","Hand Count and Optical Scan",
"2501342530","Massachusetts","Town of Montgomery (Hampden County)","646","1","Assigned Polling Place","No","Hand marked paper ballots and BMDs","Hand Count and Optical Scan",
"2501352105","Massachusetts","Town of Palmer (Hampden County)","8588","4","Assigned Polling Place","No","Hand marked paper ballots and BMDs","Hand Count and Optical Scan",
"2501358650","Massachusetts","Town of Russell (Hampden County)","1296","1","Assigned Polling Place","No","Hand marked paper ballots and BMDs","Hand Count and Optical Scan",
"2501365825","Massachusetts","Town of Southwick (Hampden County)","5940","3","Assigned Polling Place","No","Hand marked paper ballots and BMDs","Hand Count and Optical Scan",
"2501367000","Massachusetts","City of Springfield (Hampden County)","115209","73","Assigned Polling Place","No","Hand marked paper ballots and BMDs","Hand Count and Optical Scan",
"2501370045","Massachusetts","Town of Tolland (Hampden County)","374","1","Assigned Polling Place","No","Hand marked paper ballots and BMDs","Hand Count and Optical Scan",
"2501372390","Massachusetts","Town of Wales (Hampden County)","1002","1","Assigned Polling Place","No","Hand marked paper ballots and BMDs","Hand Count and Optical Scan",
"2501377850","Massachusetts","Town of West Springfield (Hampden County)","14368","8","Assigned Polling Place","No","Hand marked paper ballots and BMDs","Hand Count and Optical Scan",
"2501376030","Massachusetts","City of Westfield (Hampden County)","20398","14","Assigned Polling Place","No","Hand marked paper ballots and BMDs","Hand Count and Optical Scan",
"2501379740","Massachusetts","Town of Wilbraham (Hampden County)","10048","4","Assigned Polling Place","No","Hand marked paper ballots and BMDs","Hand Count and Optical Scan",
"2501501325","Massachusetts","Town of Amherst (Hampshire County)","10475","10","Assigned Polling Place","No","Hand marked paper ballots and BMDs","Hand Count and Optical Scan",
"2501504825","Massachusetts","Town of Belchertown (Hampshire County)","10117","4","Assigned Polling Place","No","Hand marked paper ballots and BMDs","Hand Count and Optical Scan",
"2501513590","Massachusetts","Town of Chesterfield (Hampshire County)","988","1","Assigned Polling Place","No","Hand marked paper ballots and BMDs","Hand Count and Optical Scan",
"2501516040","Massachusetts","Town of Cummington (Hampshire County)","678","1","Assigned Polling Place","No","Hand marked paper ballots and BMDs","Hand Count and Optical Scan",
"2501519330","Massachusetts","City of Easthampton (Hampshire County)","11480","5","Assigned Polling Place","No","Hand marked paper ballots and BMDs","Hand Count and Optical Scan",
"2501526290","Massachusetts","Town of Goshen (Hampshire County)","723","1","Assigned Polling Place","No","Hand marked paper ballots and BMDs","Hand Count and Optical Scan",
"2501526535","Massachusetts","Town of Granby (Hampshire County)","4486","3","Assigned Polling Place","No","Hand marked paper ballots and BMDs","Hand Count and Optical Scan",
"2501527690","Massachusetts","Town of Hadley (Hampshire County)","3510","1","Assigned Polling Place","No","Hand marked paper ballots and BMDs","Hand Count and Optical Scan",
"2501529265","Massachusetts","Town of Hatfield (Hampshire County)","2368","1","Assigned Polling Place","No","Hand marked paper ballots and BMDs","Hand Count and Optical Scan",
"2501531785","Massachusetts","Town of Huntington (Hampshire County)","1574","1","Assigned Polling Place","No","Hand marked paper ballots and BMDs","Hand Count and Optical Scan",
"2501540990","Massachusetts","Town of Middlefield (Hampshire County)","324","1","Assigned Polling Place","No","Hand marked paper ballots and BMDs","Hand Count and Optical Scan",
"2501546330","Massachusetts","City of Northampton (Hampshire County)","16996","14","Assigned Polling Place","No","Hand marked paper ballots and BMDs","Hand Count and Optical Scan",
"2501552560","Massachusetts","Town of Pelham (Hampshire County)","909","1","Assigned Polling Place","No","Hand marked paper ballots and BMDs","Hand Count and Optical Scan",
"2501554030","Massachusetts","Town of Plainfield (Hampshire County)","531","1","Assigned Polling Place","No","Hand marked paper ballots and BMDs","Hand Count and Optical Scan",
"2501564145","Massachusetts","Town of South Hadley (Hampshire County)","12378","5","Assigned Polling Place","No","Hand marked paper ballots and BMDs","Hand Count and Optical Scan",
"2501562745","Massachusetts","Town of Southampton (Hampshire County)","4614","2","Assigned Polling Place","No","Hand marked paper ballots and BMDs","Hand Count and Optical Scan",
"2501572880","Massachusetts","Town of Ware (Hampshire County)","6751","3","Assigned Polling Place","No","Hand marked paper ballots and BMDs","Hand Count and Optical Scan",
"2501576380","Massachusetts","Town of Westhampton (Hampshire County)","1338","1","Assigned Polling Place","No","Hand marked paper ballots and BMDs","Hand Count and Optical Scan",
"2501579915","Massachusetts","Town of Williamsburg (Hampshire County)","2113","1","Assigned Polling Place","No","Hand marked paper ballots and BMDs","Hand Count and Optical Scan",
"2501582175","Massachusetts","Town of Worthington (Hampshire County)","1017","1","Assigned Polling Place","No","Hand marked paper ballots and BMDs","Hand Count and Optical Scan",
"2501700380","Massachusetts","Town of Acton (Middlesex County)","15467","8","Assigned Polling Place","No","Hand marked paper ballots and BMDs","Hand Count and Optical Scan",
"2501701605","Massachusetts","Town of Arlington (Middlesex County)","26803","21","Assigned Polling Place","No","Hand marked paper ballots and BMDs","Hand Count and Optical Scan",
"2501701955","Massachusetts","Town of Ashby (Middlesex County)","2259","1","Assigned Polling Place","No","Hand marked paper ballots and BMDs","Hand Count and Optical Scan",
"2501702130","Massachusetts","Town of Ashland (Middlesex County)","10157","6","Assigned Polling Place","No","Hand marked paper ballots and BMDs","Hand Count and Optical Scan",
"2501703005","Massachusetts","Town of Ayer (Middlesex County)","5824","3","Assigned Polling Place","No","Hand marked paper ballots and BMDs","Hand Count and Optical Scan",
"2501704615","Massachusetts","Town of Bedford (Middlesex County)","9538","5","Assigned Polling Place","No","Hand marked paper ballots and BMDs","Hand Count and Optical Scan",
"2501705070","Massachusetts","Town of Belmont (Middlesex County)","14307","8","Assigned Polling Place","No","Hand marked paper ballots and BMDs","Hand Count and Optical Scan",
"2501705805","Massachusetts","Town of Billerica (Middlesex County)","26941","12","Assigned Polling Place","No","Hand marked paper ballots and BMDs","Hand Count and Optical Scan",
"2501707350","Massachusetts","Town of Boxborough (Middlesex County)","3297","1","Assigned Polling Place","No","Hand marked paper ballots and BMDs","Hand Count and Optical Scan",
"2501709840","Massachusetts","Town of Burlington (Middlesex County)","17519","7","Assigned Polling Place","No","Hand marked paper ballots and BMDs","Hand Count and Optical Scan",
"2501711000","Massachusetts","City of Cambridge (Middlesex County)","48148","42","Assigned Polling Place","No","Hand marked paper ballots and BMDs","Hand Count and Optical Scan",
"2501711525","Massachusetts","Town of Carlisle (Middlesex County)","3731","1","Assigned Polling Place","No","Hand marked paper ballots and BMDs","Hand Count and Optical Scan",
"2501713135","Massachusetts","Town of Chelmsford (Middlesex County)","22161","13","Assigned Polling Place","No","Hand marked paper ballots and BMDs","Hand Count and Optical Scan",
"2501715060","Massachusetts","Town of Concord (Middlesex County)","13149","5","Assigned Polling Place","No","Hand marked paper ballots and BMDs","Hand Count and Optical Scan",
"2501717475","Massachusetts","Town of Dracut (Middlesex County)","18583","10","Assigned Polling Place","No","Hand marked paper ballots and BMDs","Hand Count and Optical Scan",
"2501717825","Massachusetts","Town of Dunstable (Middlesex County)","2124","1","Assigned Polling Place","No","Hand marked paper ballots and BMDs","Hand Count and Optical Scan",
"2501721990","Massachusetts","City of Everett (Middlesex County)","21684","20","Assigned Polling Place","No","Hand marked paper ballots and BMDs","Hand Count and Optical Scan",
"2501724925","Massachusetts","City of Framingham (Middlesex County)","29733","30","Assigned Polling Place","No","Hand marked paper ballots and BMDs","Hand Count and Optical Scan",
"2501727480","Massachusetts","Town of Groton (Middlesex County)","7448","4","Assigned Polling Place","No","Hand marked paper ballots and BMDs","Hand Count and Optical Scan",
"2501730700","Massachusetts","Town of Holliston (Middlesex County)","9853","4","Assigned Polling Place","No","Hand marked paper ballots and BMDs","Hand Count and Optical Scan",
"2501731085","Massachusetts","Town of Hopkinton (Middlesex County)","10526","5","Assigned Polling Place","No","Hand marked paper ballots and BMDs","Hand Count and Optical Scan",
"2501731540","Massachusetts","Town of Hudson (Middlesex County)","12960","6","Assigned Polling Place","No","Hand marked paper ballots and BMDs","Hand Count and Optical Scan",
"2501735215","Massachusetts","Town of Lexington (Middlesex County)","19699","9","Assigned Polling Place","No","Hand marked paper ballots and BMDs","Hand Count and Optical Scan",
"2501735425","Massachusetts","Town of Lincoln (Middlesex County)","4556","2","Assigned Polling Place","No","Hand marked paper ballots and BMDs","Hand Count and Optical Scan",
"2501735950","Massachusetts","Town of Littleton (Middlesex County)","7425","3","Assigned Polling Place","No","Hand marked paper ballots and BMDs","Hand Count and Optical Scan",
"2501737000","Massachusetts","City of Lowell (Middlesex County)","66085","39","Assigned Polling Place","No","Hand marked paper ballots and BMDs","Hand Count and Optical Scan",
"2501737875","Massachusetts","City of Malden (Middlesex County)","29359","27","Assigned Polling Place","No","Hand marked paper ballots and BMDs","Hand Count and Optical Scan",
"2501738715","Massachusetts","City of Marlborough (Middlesex County)","21121","17","Assigned Polling Place","No","Hand marked paper ballots and BMDs","Hand Count and Optical Scan",
"2501739625","Massachusetts","Town of Maynard (Middlesex County)","7557","4","Assigned Polling Place","No","Hand marked paper ballots and BMDs","Hand Count and Optical Scan",
"2501739835","Massachusetts","City of Medford (Middlesex County)","34080","18","Assigned Polling Place","No","Hand marked paper ballots and BMDs","Hand Count and Optical Scan",
"2501740115","Massachusetts","City of Melrose (Middlesex County)","16864","14","Assigned Polling Place","No","Hand marked paper ballots and BMDs","Hand Count and Optical Scan",
"2501743895","Massachusetts","Town of Natick (Middlesex County)","23683","10","Assigned Polling Place","No","Hand marked paper ballots and BMDs","Hand Count and Optical Scan",
"2501745560","Massachusetts","City of Newton (Middlesex County)","46735","34","Assigned Polling Place","No","Hand marked paper ballots and BMDs","Hand Count and Optical Scan",
"2501748955","Massachusetts","Town of North Reading (Middlesex County)","11057","4","Assigned Polling Place","No","Hand marked paper ballots and BMDs","Hand Count and Optical Scan",
"2501752805","Massachusetts","Town of Pepperell (Middlesex County)","7676","4","Assigned Polling Place","No","Hand marked paper ballots and BMDs","Hand Count and Optical Scan",
"2501756130","Massachusetts","Town of Reading (Middlesex County)","16679","8","Assigned Polling Place","No","Hand marked paper ballots and BMDs","Hand Count and Optical Scan",
"2501761380","Massachusetts","Town of Sherborn (Middlesex County)","3127","1","Assigned Polling Place","No","Hand marked paper ballots and BMDs","Hand Count and Optical Scan",
"2501761590","Massachusetts","Town of Shirley (Middlesex County)","4149","1","Assigned Polling Place","No","Hand marked paper ballots and BMDs","Hand Count and Optical Scan",
"2501762535","Massachusetts","City of Somerville (Middlesex County)","34199","32","Assigned Polling Place","No","Hand marked paper ballots and BMDs","Hand Count and Optical Scan",
"2501767665","Massachusetts","Town of Stoneham (Middlesex County)","15710","7","Assigned Polling Place","No","Hand marked paper ballots and BMDs","Hand Count and Optical Scan",
"2501768050","Massachusetts","Town of Stow (Middlesex County)","5353","2","Assigned Polling Place","No","Hand marked paper ballots and BMDs","Hand Count and Optical Scan",
"2501768260","Massachusetts","Town of Sudbury (Middlesex County)","13010","6","Assigned Polling Place","No","Hand marked paper ballots and BMDs","Hand Count and Optical Scan",
"2501769415","Massachusetts","Town of Tewksbury (Middlesex County)","21135","9","Assigned Polling Place","No","Hand marked paper ballots and BMDs","Hand Count and Optical Scan",
"2501770360","Massachusetts","Town of Townsend (Middlesex County)","5745","3","Assigned Polling Place","No","Hand marked paper ballots and BMDs","Hand Count and Optical Scan",
"2501771025","Massachusetts","Town of Tyngsborough (Middlesex County)","9657","4","Assigned Polling Place","No","Hand marked paper ballots and BMDs","Hand Count and Optical Scan",
"2501772215","Massachusetts","Town of Wakefield (Middlesex County)","16558","7","Assigned Polling Place","No","Hand marked paper ballots and BMDs","Hand Count and Optical Scan",
"2501772600","Massachusetts","City of Waltham (Middlesex County)","27636","24","Assigned Polling Place","No","Hand marked paper ballots and BMDs","Hand Count and Optical Scan",
"2501773440","Massachusetts","City of Watertown (Middlesex County)","17758","12","Assigned Polling Place","No","Hand marked paper ballots and BMDs","Hand Count and Optical Scan",
"2501773790","Massachusetts","Town of Wayland (Middlesex County)","9168","4","Assigned Polling Place","No","Hand marked paper ballots and BMDs","Hand Count and Optical Scan",
"2501776135","Massachusetts","Town of Westford (Middlesex County)","18056","7","Assigned Polling Place","No","Hand marked paper ballots and BMDs","Hand Count and Optical Scan",
"2501777255","Massachusetts","Town of Weston (Middlesex County)","7926","4","Assigned Polling Place","No","Hand marked paper ballots and BMDs","Hand Count and Optical Scan",
"2501780230","Massachusetts","Town of Wilmington (Middlesex County)","14612","6","Assigned Polling Place","No","Hand marked paper ballots and BMDs","Hand Count and Optical Scan",
"2501780510","Massachusetts","Town of Winchester (Middlesex County)","14654","8","Assigned Polling Place","No","Hand marked paper ballots and BMDs","Hand Count and Optical Scan",
"2501781035","Massachusetts","City of Woburn (Middlesex County)","21254","15","Assigned Polling Place","No","Hand marked paper ballots and BMDs","Hand Count and Optical Scan",
"2501900000","Massachusetts","Town and County of Nantucket","9522","1","Assigned Polling Place","No","Hand marked paper ballots and BMDs","Optical Scan",
"2502102935","Massachusetts","Town of Avon (Norfolk County)","2935","1","Assigned Polling Place","No","Hand marked paper ballots and BMDs","Optical Scan",
"2502104930","Massachusetts","Town of Bellingham (Norfolk County)","12337","5","Assigned Polling Place","No","Hand marked paper ballots and BMDs","Optical Scan",
"2502107665","Massachusetts","Town of Braintree (Norfolk County)","27233","12","Assigned Polling Place","No","Hand marked paper ballots and BMDs","Optical Scan",
"2502109175","Massachusetts","Town of Brookline (Norfolk County)","31378","20","Assigned Polling Place","No","Hand marked paper ballots and BMDs","Optical Scan",
"2502111315","Massachusetts","Town of Canton (Norfolk County)","15828","7","Assigned Polling Place","No","Hand marked paper ballots and BMDs","Optical Scan",
"2502114640","Massachusetts","Town of Cohasset (Norfolk County)","6202","3","Assigned Polling Place","No","Hand marked paper ballots and BMDs","Optical Scan",
"2502116495","Massachusetts","Town of Dedham (Norfolk County)","19699","7","Assigned Polling Place","No","Hand marked paper ballots and BMDs","Optical Scan",
"2502117405","Massachusetts","Town of Dover (Norfolk County)","4348","1","Assigned Polling Place","No","Hand marked paper ballots and BMDs","Optical Scan",
"2502124820","Massachusetts","Town of Foxborough (Norfolk County)","13152","5","Assigned Polling Place","No","Hand marked paper ballots and BMDs","Optical Scan",
"2502125100","Massachusetts","Town of Franklin (Norfolk County)","22957","9","Assigned Polling Place","No","Hand marked paper ballots and BMDs","Optical Scan",
"2502130455","Massachusetts","Town of Holbrook (Norfolk County)","7997","4","Assigned Polling Place","No","Hand marked paper ballots and BMDs","Optical Scan",
"2502139765","Massachusetts","Town of Medfield (Norfolk County)","9381","4","Assigned Polling Place","No","Hand marked paper ballots and BMDs","Optical Scan",
"2502139975","Massachusetts","Town of Medway (Norfolk County)","9737","4","Assigned Polling Place","No","Hand marked paper ballots and BMDs","Optical Scan",
"2502141515","Massachusetts","Town of Millis (Norfolk County)","6979","3","Assigned Polling Place","No","Hand marked paper ballots and BMDs","Optical Scan",
"2502141690","Massachusetts","Town of Milton (Norfolk County)","16769","11","Assigned Polling Place","No","Hand marked paper ballots and BMDs","Optical Scan",
"2502144105","Massachusetts","Town of Needham (Norfolk County)","22603","10","Assigned Polling Place","No","Hand marked paper ballots and BMDs","Optical Scan",
"2502146050","Massachusetts","Town of Norfolk (Norfolk County)","7572","4","Assigned Polling Place","No","Hand marked paper ballots and BMDs","Optical Scan",
"2502150250","Massachusetts","Town of Norwood (Norfolk County)","20365","9","Assigned Polling Place","No","Hand marked paper ballots and BMDs","Optical Scan",
"2502154100","Massachusetts","Town of Plainville (Norfolk County)","5700","3","Assigned Polling Place","No","Hand marked paper ballots and BMDs","Optical Scan",
"2502155745","Massachusetts","City of Quincy (Norfolk County)","61625","31","Assigned Polling Place","No","Hand marked paper ballots and BMDs","Optical Scan",
"2502155955","Massachusetts","Town of Randolph (Norfolk County)","18397","12","Assigned Polling Place","No","Hand marked paper ballots and BMDs","Optical Scan",
"2502160785","Massachusetts","Town of Sharon (Norfolk County)","11556","5","Assigned Polling Place","No","Hand marked paper ballots and BMDs","Optical Scan",
"2502167945","Massachusetts","Town of Stoughton (Norfolk County)","20202","13","Assigned Polling Place","No","Hand marked paper ballots and BMDs","Optical Scan",
"2502172495","Massachusetts","Town of Walpole (Norfolk County)","15521","10","Assigned Polling Place","No","Hand marked paper ballots and BMDs","Optical Scan",
"2502174175","Massachusetts","Town of Wellesley (Norfolk County)","17473","8","Assigned Polling Place","No","Hand marked paper ballots and BMDs","Optical Scan",
"2502178690","Massachusetts","Town of Westwood (Norfolk County)","11405","5","Assigned Polling Place","No","Hand marked paper ballots and BMDs","Optical Scan",
"2502178865","Massachusetts","Town of Weymouth (Norfolk County)","35268","19","Assigned Polling Place","No","Hand marked paper ballots and BMDs","Optical Scan",
"2502182315","Massachusetts","Town of Wrentham (Norfolk County)","8252","4","Assigned Polling Place","No","Hand marked paper ballots and BMDs","Optical Scan",
"2502300170","Massachusetts","Town of Abington (Plymouth County)","10601","5","Assigned Polling Place","No","Hand marked paper ballots and BMDs","Hand Count and Optical Scan",
"2502308085","Massachusetts","Town of Bridgewater (Plymouth County)","18185","9","Assigned Polling Place","No","Hand marked paper ballots and BMDs","Hand Count and Optical Scan",
"2502309000","Massachusetts","City of Brockton (Plymouth County)","58680","28","Assigned Polling Place","No","Hand marked paper ballots and BMDs","Hand Count and Optical Scan",
"2502311665","Massachusetts","Town of Carver (Plymouth County)","8921","3","Assigned Polling Place","No","Hand marked paper ballots and BMDs","Hand Count and Optical Scan",
"2502317895","Massachusetts","Town of Duxbury (Plymouth County)","12966","6","Assigned Polling Place","No","Hand marked paper ballots and BMDs","Hand Count and Optical Scan",
"2502318455","Massachusetts","Town of East Bridgewater (Plymouth County)","10242","4","Assigned Polling Place","No","Hand marked paper ballots and BMDs","Hand Count and Optical Scan",
"2502327795","Massachusetts","Town of Halifax (Plymouth County)","5649","3","Assigned Polling Place","No","Hand marked paper ballots and BMDs","Hand Count and Optical Scan",
"2502328285","Massachusetts","Town of Hanover (Plymouth County)","10160","4","Assigned Polling Place","No","Hand marked paper ballots and BMDs","Hand Count and Optical Scan",
"2502328495","Massachusetts","Town of Hanson (Plymouth County)","6771","3","Assigned Polling Place","No","Hand marked paper ballots and BMDs","Hand Count and Optical Scan",
"2502330210","Massachusetts","Town of Hingham (Plymouth County)","19020","8","Assigned Polling Place","No","Hand marked paper ballots and BMDs","Hand Count and Optical Scan",
"2502331645","Massachusetts","Town of Hull (Plymouth County)","7795","3","Assigned Polling Place","No","Hand marked paper ballots and BMDs","Hand Count and Optical Scan",
"2502333220","Massachusetts","Town of Kingston (Plymouth County)","10882","4","Assigned Polling Place","No","Hand marked paper ballots and BMDs","Hand Count and Optical Scan",
"2502333920","Massachusetts","Town of Lakeville (Plymouth County)","9052","3","Assigned Polling Place","No","Hand marked paper ballots and BMDs","Hand Count and Optical Scan",
"2502338540","Massachusetts","Town of Marion (Plymouth County)","3780","1","Assigned Polling Place","No","Hand marked paper ballots and BMDs","Hand Count and Optical Scan",
"2502338855","Massachusetts","Town of Marshfield (Plymouth County)","21238","8","Assigned Polling Place","No","Hand marked paper ballots and BMDs","Hand Count and Optical Scan",
"2502339450","Massachusetts","Town of Mattapoisett (Plymouth County)","5490","2","Assigned Polling Place","No","Hand marked paper ballots and BMDs","Hand Count and Optical Scan",
"2502340850","Massachusetts","Town of Middleborough (Plymouth County)","18262","9","Assigned Polling Place","No","Hand marked paper ballots and BMDs","Hand Count and Optical Scan",
"2502350145","Massachusetts","Town of Norwell (Plymouth County)","8314","3","Assigned Polling Place","No","Hand marked paper ballots and BMDs","Hand Count and Optical Scan",
"2502352630","Massachusetts","Town of Pembroke (Plymouth County)","14293","6","Assigned Polling Place","No","Hand marked paper ballots and BMDs","Hand Count and Optical Scan",
"2502354310","Massachusetts","Town of Plymouth (Plymouth County)","43081","18","Assigned Polling Place","No","Hand marked paper ballots and BMDs","Hand Count and Optical Scan",
"2502354415","Massachusetts","Town of Plympton (Plymouth County)","2373","1","Assigned Polling Place","No","Hand marked paper ballots and BMDs","Hand Count and Optical Scan",
"2502357600","Massachusetts","Town of Rochester (Plymouth County)","4079","1","Assigned Polling Place","No","Hand marked paper ballots and BMDs","Hand Count and Optical Scan",
"2502357775","Massachusetts","Town of Rockland (Plymouth County)","10591","6","Assigned Polling Place","No","Hand marked paper ballots and BMDs","Hand Count and Optical Scan",
"2502360330","Massachusetts","Town of Scituate (Plymouth County)","15633","6","Assigned Polling Place","No","Hand marked paper ballots and BMDs","Hand Count and Optical Scan",
"2502372985","Massachusetts","Town of Wareham (Plymouth County)","16823","6","Assigned Polling Place","No","Hand marked paper ballots and BMDs","Hand Count and Optical Scan",
"2502375260","Massachusetts","Town of West Bridgewater (Plymouth County)","5067","2","Assigned Polling Place","No","Hand marked paper ballots and BMDs","Hand Count and Optical Scan",
"2502379530","Massachusetts","Town of Whitman (Plymouth County)","10668","4","Assigned Polling Place","No","Hand marked paper ballots and BMDs","Hand Count and Optical Scan",
"2502507000","Massachusetts","City of Boston (Suffolk County)","377200","275","Assigned Polling Place","No","Hand marked paper ballots and BMDs","Optical Scan",
"2502513205","Massachusetts","City of Chelsea (Suffolk County)","12174","16","Assigned Polling Place","No","Hand marked paper ballots and BMDs","Optical Scan",
"2502556585","Massachusetts","City of Revere (Suffolk County)","18428","19","Assigned Polling Place","No","Hand marked paper ballots and BMDs","Optical Scan",
"2502580930","Massachusetts","Town of Winthrop (Suffolk County)","12981","6","Assigned Polling Place","No","Hand marked paper ballots and BMDs","Optical Scan",
"2502701885","Massachusetts","Town of Ashburnham (Worcester County)","4834","2","Assigned Polling Place","No","Hand marked paper ballots and BMDs","Hand Count and Optical Scan",
"2502702480","Massachusetts","Town of Athol (Worcester County)","6988","3","Assigned Polling Place","No","Hand marked paper ballots and BMDs","Hand Count and Optical Scan",
"2502702760","Massachusetts","Town of Auburn (Worcester County)","10736","5","Assigned Polling Place","No","Hand marked paper ballots and BMDs","Hand Count and Optical Scan",
"2502703740","Massachusetts","Town of Barre (Worcester County)","3491","2","Assigned Polling Place","No","Hand marked paper ballots and BMDs","Hand Count and Optical Scan",
"2502705490","Massachusetts","Town of Berlin (Worcester County)","2752","1","Assigned Polling Place","No","Hand marked paper ballots and BMDs","Hand Count and Optical Scan",
"2502706015","Massachusetts","Town of Blackstone (Worcester County)","4939","3","Assigned Polling Place","No","Hand marked paper ballots and BMDs","Hand Count and Optical Scan",
"2502706365","Massachusetts","Town of Bolton (Worcester County)","4269","1","Assigned Polling Place","No","Hand marked paper ballots and BMDs","Hand Count and Optical Scan",
"2502707525","Massachusetts","Town of Boylston (Worcester County)","3457","1","Assigned Polling Place","No","Hand marked paper ballots and BMDs","Hand Count and Optical Scan",
"2502709105","Massachusetts","Town of Brookfield (Worcester County)","2611","1","Assigned Polling Place","No","Hand marked paper ballots and BMDs","Hand Count and Optical Scan",
"2502712715","Massachusetts","Town of Charlton (Worcester County)","8973","5","Assigned Polling Place","No","Hand marked paper ballots and BMDs","Hand Count and Optical Scan",
"2502714395","Massachusetts","Town of Clinton (Worcester County)","8672","4","Assigned Polling Place","No","Hand marked paper ballots and BMDs","Hand Count and Optical Scan",
"2502717300","Massachusetts","Town of Douglas (Worcester County)","6687","3","Assigned Polling Place","No","Hand marked paper ballots and BMDs","Hand Count and Optical Scan",
"2502717685","Massachusetts","Town of Dudley (Worcester County)","7190","4","Assigned Polling Place","No","Hand marked paper ballots and BMDs","Hand Count and Optical Scan",
"2502718560","Massachusetts","Town of East Brookfield (Worcester County)","1393","1","Assigned Polling Place","No","Hand marked paper ballots and BMDs","Hand Count and Optical Scan",
"2502723875","Massachusetts","City of Fitchburg (Worcester County)","14526","12","Assigned Polling Place","No","Hand marked paper ballots and BMDs","Hand Count and Optical Scan",
"2502725485","Massachusetts","City of Gardner (Worcester County)","9299","10","Assigned Polling Place","No","Hand marked paper ballots and BMDs","Hand Count and Optical Scan",
"2502726430","Massachusetts","Town of Grafton (Worcester County)","13784","5","Assigned Polling Place","No","Hand marked paper ballots and BMDs","Hand Count and Optical Scan",
"2502728740","Massachusetts","Town of Hardwick (Worcester County)","1724","1","Assigned Polling Place","No","Hand marked paper ballots and BMDs","Hand Count and Optical Scan",
"2502728950","Massachusetts","Town of Harvard (Worcester County)","4430","1","Assigned Polling Place","No","Hand marked paper ballots and BMDs","Hand Count and Optical Scan",
"2502730560","Massachusetts","Town of Holden (Worcester County)","14577","6","Assigned Polling Place","No","Hand marked paper ballots and BMDs","Hand Count and Optical Scan",
"2502730945","Massachusetts","Town of Hopedale (Worcester County)","4105","1","Assigned Polling Place","No","Hand marked paper ballots and BMDs","Hand Count and Optical Scan",
"2502731435","Massachusetts","Town of Hubbardston (Worcester County)","3412","1","Assigned Polling Place","No","Hand marked paper ballots and BMDs","Hand Count and Optical Scan",
"2502734165","Massachusetts","Town of Lancaster (Worcester County)","5043","2","Assigned Polling Place","No","Hand marked paper ballots and BMDs","Hand Count and Optical Scan",
"2502734795","Massachusetts","Town of Leicester (Worcester County)","7594","4","Assigned Polling Place","No","Hand marked paper ballots and BMDs","Hand Count and Optical Scan",
"2502735075","Massachusetts","City of Leominster (Worcester County)","23249","15","Assigned Polling Place","No","Hand marked paper ballots and BMDs","Hand Count and Optical Scan",
"2502737420","Massachusetts","Town of Lunenburg (Worcester County)","6530","6","Assigned Polling Place","No","Hand marked paper ballots and BMDs","Hand Count and Optical Scan",
"2502740255","Massachusetts","Town of Mendon (Worcester County)","4587","2","Assigned Polling Place","No","Hand marked paper ballots and BMDs","Hand Count and Optical Scan",
"2502741165","Massachusetts","Town of Milford (Worcester County)","16983","8","Assigned Polling Place","No","Hand marked paper ballots and BMDs","Hand Count and Optical Scan",
"2502741340","Massachusetts","Town of Millbury (Worcester County)","9247","4","Assigned Polling Place","No","Hand marked paper ballots and BMDs","Hand Count and Optical Scan",
"2502741585","Massachusetts","Town of Millville (Worcester County)","2092","1","Assigned Polling Place","No","Hand marked paper ballots and BMDs","Hand Count and Optical Scan",
"2502745105","Massachusetts","Town of New Braintree (Worcester County)","804","1","Assigned Polling Place","No","Hand marked paper ballots and BMDs","Hand Count and Optical Scan",
"2502747135","Massachusetts","Town of North Brookfield (Worcester County)","3644","1","Assigned Polling Place","No","Hand marked paper ballots and BMDs","Hand Count and Optical Scan",
"2502746820","Massachusetts","Town of Northborough (Worcester County)","11286","4","Assigned Polling Place","No","Hand marked paper ballots and BMDs","Hand Count and Optical Scan",
"2502746925","Massachusetts","Town of Northbridge (Worcester County)","10874","5","Assigned Polling Place","No","Hand marked paper ballots and BMDs","Hand Count and Optical Scan",
"2502750670","Massachusetts","Town of Oakham (Worcester County)","1461","1","Assigned Polling Place","No","Hand marked paper ballots and BMDs","Hand Count and Optical Scan",
"2502751825","Massachusetts","Town of Oxford (Worcester County)","7795","5","Assigned Polling Place","No","Hand marked paper ballots and BMDs","Hand Count and Optical Scan",
"2502752420","Massachusetts","Town of Paxton (Worcester County)","3068","1","Assigned Polling Place","No","Hand marked paper ballots and BMDs","Hand Count and Optical Scan",
"2502753120","Massachusetts","Town of Petersham (Worcester County)","968","1","Assigned Polling Place","No","Hand marked paper ballots and BMDs","Hand Count and Optical Scan",
"2502753225","Massachusetts","Town of Phillipston (Worcester County)","1349","1","Assigned Polling Place","No","Hand marked paper ballots and BMDs","Hand Count and Optical Scan",
"2502755395","Massachusetts","Town of Princeton (Worcester County)","3073","1","Assigned Polling Place","No","Hand marked paper ballots and BMDs","Hand Count and Optical Scan",
"2502758580","Massachusetts","Town of Royalston (Worcester County)","1032","1","Assigned Polling Place","No","Hand marked paper ballots and BMDs","Hand Count and Optical Scan",
"2502758825","Massachusetts","Town of Rutland (Worcester County)","6812","3","Assigned Polling Place","No","Hand marked paper ballots and BMDs","Hand Count and Optical Scan",
"2502761800","Massachusetts","Town of Shrewsbury (Worcester County)","23757","10","Assigned Polling Place","No","Hand marked paper ballots and BMDs","Hand Count and Optical Scan",
"2502763165","Massachusetts","Town of Southborough (Worcester County)","6492","3","Assigned Polling Place","No","Hand marked paper ballots and BMDs","Hand Count and Optical Scan",
"2502763270","Massachusetts","Town of Southbridge (Worcester County)","12343","5","Assigned Polling Place","No","Hand marked paper ballots and BMDs","Hand Count and Optical Scan",
"2502766105","Massachusetts","Town of Spencer (Worcester County)","6911","4","Assigned Polling Place","No","Hand marked paper ballots and BMDs","Hand Count and Optical Scan",
"2502767385","Massachusetts","Town of Sterling (Worcester County)","6076","2","Assigned Polling Place","No","Hand marked paper ballots and BMDs","Hand Count and Optical Scan",
"2502768155","Massachusetts","Town of Sturbridge (Worcester County)","7303","3","Assigned Polling Place","No","Hand marked paper ballots and BMDs","Hand Count and Optical Scan",
"2502768610","Massachusetts","Town of Sutton (Worcester County)","7472","3","Assigned Polling Place","No","Hand marked paper ballots and BMDs","Hand Count and Optical Scan",
"2502769275","Massachusetts","Town of Templeton (Worcester County)","5891","3","Assigned Polling Place","No","Hand marked paper ballots and BMDs","Hand Count and Optical Scan",
"2502771480","Massachusetts","Town of Upton (Worcester County)","5952","3","Assigned Polling Place","No","Hand marked paper ballots and BMDs","Hand Count and Optical Scan",
"2502771620","Massachusetts","Town of Uxbridge (Worcester County)","8727","5","Assigned Polling Place","No","Hand marked paper ballots and BMDs","Hand Count and Optical Scan",
"2502773090","Massachusetts","Town of Warren (Worcester County)","3405","2","Assigned Polling Place","No","Hand marked paper ballots and BMDs","Hand Count and Optical Scan",
"2502773895","Massachusetts","Town of Webster (Worcester County)","12343","6","Assigned Polling Place","No","Hand marked paper ballots and BMDs","Hand Count and Optical Scan",
"2502775155","Massachusetts","Town of West Boylston (Worcester County)","4417","2","Assigned Polling Place","No","Hand marked paper ballots and BMDs","Hand Count and Optical Scan",
"2502775400","Massachusetts","Town of West Brookfield (Worcester County)","3023","1","Assigned Polling Place","No","Hand marked paper ballots and BMDs","Hand Count and Optical Scan",
"2502775015","Massachusetts","Town of Westborough (Worcester County)","12243","6","Assigned Polling Place","No","Hand marked paper ballots and BMDs","Hand Count and Optical Scan",
"2502777010","Massachusetts","Town of Westminster (Worcester County)","5884","4","Assigned Polling Place","No","Hand marked paper ballots and BMDs","Hand Count and Optical Scan",
"2502780405","Massachusetts","Town of Winchendon (Worcester County)","6374","3","Assigned Polling Place","No","Hand marked paper ballots and BMDs","Hand Count and Optical Scan",
"2502782000","Massachusetts","City of Worcester (Worcester County)","72076","62","Assigned Polling Place","No","Hand marked paper ballots and BMDs","Hand Count and Optical Scan",
"2600100000","Michigan","Alcona County","9240","12","Assigned Polling Place","No","Hand marked paper ballots and BMDs","Optical Scan",
"2600300000","Michigan","Alger County","6727","9","Assigned Polling Place","No","Hand marked paper ballots and BMDs","Optical Scan",
"2600500000","Michigan","Allegan County","88960","49","Assigned Polling Place","No","Hand marked paper ballots and BMDs","Optical Scan",
"2600700000","Michigan","Alpena County","22220","17","Assigned Polling Place","No","Hand marked paper ballots and BMDs","Optical Scan",
"2600900000","Michigan","Antrim County","20739","16","Assigned Polling Place","No","Hand marked paper ballots and BMDs","Optical Scan",
"2601100000","Michigan","Arenac County","12094","15","Assigned Polling Place","No","Hand marked paper ballots and BMDs","Optical Scan",
"2601300000","Michigan","Baraga County","5783","8","Assigned Polling Place","No","Hand marked paper ballots and BMDs","Optical Scan",
"2601500000","Michigan","Barry County","47481","24","Assigned Polling Place","No","Hand marked paper ballots and BMDs","Optical Scan",
"2601700000","Michigan","Bay County","78460","43","Assigned Polling Place","No","Hand marked paper ballots and BMDs","Optical Scan",
"2601900000","Michigan","Benzie County","15442","13","Assigned Polling Place","No","Hand marked paper ballots and BMDs","Optical Scan",
"2602100000","Michigan","Berrien County","113420","62","Assigned Polling Place","No","Hand marked paper ballots and BMDs","Optical Scan",
"2602300000","Michigan","Branch County","29764","22","Assigned Polling Place","No","Hand marked paper ballots and BMDs","Optical Scan",
"2602500000","Michigan","Calhoun County","96890","58","Assigned Polling Place","No","Hand marked paper ballots and BMDs","Optical Scan",
"2602700000","Michigan","Cass County","38191","21","Assigned Polling Place","No","Hand marked paper ballots and BMDs","Optical Scan",
"2602900000","Michigan","Charlevoix County","21689","20","Assigned Polling Place","No","Hand marked paper ballots and BMDs","Optical Scan",
"2603100000","Michigan","Cheboygan County","21303","22","Assigned Polling Place","No","Hand marked paper ballots and BMDs","Optical Scan",
"2603300000","Michigan","Chippewa County","24657","19","Assigned Polling Place","No","Hand marked paper ballots and BMDs","Optical Scan",
"2603500000","Michigan","Clare County","23499","19","Assigned Polling Place","No","Hand marked paper ballots and BMDs","Optical Scan",
"2603700000","Michigan","Clinton County","57982","34","Assigned Polling Place","No","Hand marked paper ballots and BMDs","Optical Scan",
"2603900000","Michigan","Crawford County","11334","11","Assigned Polling Place","No","Hand marked paper ballots and BMDs","Optical Scan",
"2604100000","Michigan","Delta County","28767","23","Assigned Polling Place","No","Hand marked paper ballots and BMDs","Optical Scan",
"2604300000","Michigan","Dickinson County","19516","15","Assigned Polling Place","No","Hand marked paper ballots and BMDs","Optical Scan",
"2604500000","Michigan","Eaton County","79983","51","Assigned Polling Place","No","Hand marked paper ballots and BMDs","Optical Scan",
"2604700000","Michigan","Emmet County","28188","22","Assigned Polling Place","No","Hand marked paper ballots and BMDs","Optical Scan",
"2604900000","Michigan","Genesee County","307612","206","Assigned Polling Place","No","Hand marked paper ballots and BMDs","Optical Scan",
"2605100000","Michigan","Gladwin County","20082","18","Assigned Polling Place","No","Hand marked paper ballots and BMDs","Optical Scan",
"2605300000","Michigan","Gogebic County","11265","11","Assigned Polling Place","No","Hand marked paper ballots and BMDs","Optical Scan",
"2605500000","Michigan","Grand Traverse County","75212","39","Assigned Polling Place","No","Hand marked paper ballots and BMDs","Optical Scan",
"2605700000","Michigan","Gratiot County","26358","21","Assigned Polling Place","No","Hand marked paper ballots and BMDs","Optical Scan",
"2605900000","Michigan","Hillsdale County","32479","26","Assigned Polling Place","No","Hand marked paper ballots and BMDs","Optical Scan",
"2606100000","Michigan","Houghton County","23883","29","Assigned Polling Place","No","Hand marked paper ballots and BMDs","Optical Scan",
"2606300000","Michigan","Huron County","24000","31","Assigned Polling Place","No","Hand marked paper ballots and BMDs","Optical Scan",
"2606500000","Michigan","Ingham County","184943","112","Assigned Polling Place","No","Hand marked paper ballots and BMDs","Optical Scan",
"2606700000","Michigan","Ionia County","44533","30","Assigned Polling Place","No","Hand marked paper ballots and BMDs","Optical Scan",
"2606900000","Michigan","Iosco County","20942","18","Assigned Polling Place","No","Hand marked paper ballots and BMDs","Optical Scan",
"2607100000","Michigan","Iron County","9391","12","Assigned Polling Place","No","Hand marked paper ballots and BMDs","Optical Scan",
"2607300000","Michigan","Isabella County","40265","27","Assigned Polling Place","No","Hand marked paper ballots and BMDs","Optical Scan",
"2607500000","Michigan","Jackson County","112828","63","Assigned Polling Place","No","Hand marked paper ballots and BMDs","Optical Scan",
"2607700000","Michigan","Kalamazoo County","183623","106","Assigned Polling Place","No","Hand marked paper ballots and BMDs","Optical Scan",
"2607900000","Michigan","Kalkaska County","14895","13","Assigned Polling Place","No","Hand marked paper ballots and BMDs","Optical Scan",
"2608100000","Michigan","Kent County","459529","250","Assigned Polling Place","No","Hand marked paper ballots and BMDs","Optical Scan",
"2608300000","Michigan","Keweenaw County","1910","5","Assigned Polling Place","No","Hand marked paper ballots and BMDs","Optical Scan",
"2608500000","Michigan","Lake County","9167","15","Assigned Polling Place","No","Hand marked paper ballots and BMDs","Optical Scan",
"2608700000","Michigan","Lapeer County","67980","37","Assigned Polling Place","No","Hand marked paper ballots and BMDs","Optical Scan",
"2608900000","Michigan","Leelanau County","19852","13","Assigned Polling Place","No","Hand marked paper ballots and BMDs","Optical Scan",
"2609100000","Michigan","Lenawee County","70334","43","Assigned Polling Place","No","Hand marked paper ballots and BMDs","Optical Scan",
"2609300000","Michigan","Livingston County","153401","81","Assigned Polling Place","No","Hand marked paper ballots and BMDs","Optical Scan",
"2609500000","Michigan","Luce County","4162","4","Assigned Polling Place","No","Hand marked paper ballots and BMDs","Optical Scan",
"2609700000","Michigan","Mackinac County","9356","14","Assigned Polling Place","No","Hand marked paper ballots and BMDs","Optical Scan",
"2609900000","Michigan","Macomb County","646236","343","Assigned Polling Place","No","Hand marked paper ballots and BMDs","Optical Scan",
"2610100000","Michigan","Manistee County","19393","16","Assigned Polling Place","No","Hand marked paper ballots and BMDs","Optical Scan",
"2610300000","Michigan","Marquette County","48388","35","Assigned Polling Place","No","Hand marked paper ballots and BMDs","Optical Scan",
"2610500000","Michigan","Mason County","22898","25","Assigned Polling Place","No","Hand marked paper ballots and BMDs","Optical Scan",
"2610700000","Michigan","Mecosta County","28420","20","Assigned Polling Place","No","Hand marked paper ballots and BMDs","Optical Scan",
"2610900000","Michigan","Menominee County","17593","20","Assigned Polling Place","No","Hand marked paper ballots and BMDs","Optical Scan",
"2611100000","Michigan","Midland County","62465","43","Assigned Polling Place","No","Hand marked paper ballots and BMDs","Optical Scan",
"2611300000","Michigan","Missaukee County","11671","17","Assigned Polling Place","No","Hand marked paper ballots and BMDs","Optical Scan",
"2611500000","Michigan","Monroe County","115906","64","Assigned Polling Place","No","Hand marked paper ballots and BMDs","Optical Scan",
"2611700000","Michigan","Montcalm County","46152","29","Assigned Polling Place","No","Hand marked paper ballots and BMDs","Optical Scan",
"2611900000","Michigan","Montmorency County","8206","9","Assigned Polling Place","No","Hand marked paper ballots and BMDs","Optical Scan",
"2612100000","Michigan","Muskegon County","127669","67","Assigned Polling Place","No","Hand marked paper ballots and BMDs","Optical Scan",
"2612300000","Michigan","Newaygo County","37894","31","Assigned Polling Place","No","Hand marked paper ballots and BMDs","Optical Scan",
"2612500000","Michigan","Oakland County","936754","510","Assigned Polling Place","No","Hand marked paper ballots and BMDs","Optical Scan",
"2612700000","Michigan","Oceana County","19742","18","Assigned Polling Place","No","Hand marked paper ballots and BMDs","Optical Scan",
"2612900000","Michigan","Ogemaw County","16929","17","Assigned Polling Place","No","Hand marked paper ballots and BMDs","Optical Scan",
"2613100000","Michigan","Ontonagon County","4911","12","Assigned Polling Place","No","Hand marked paper ballots and BMDs","Optical Scan",
"2613300000","Michigan","Osceola County","16908","18","Assigned Polling Place","No","Hand marked paper ballots and BMDs","Optical Scan",
"2613500000","Michigan","Oscoda County","6954","7","Assigned Polling Place","No","Hand marked paper ballots and BMDs","Optical Scan",
"2613700000","Michigan","Otsego County","20475","13","Assigned Polling Place","No","Hand marked paper ballots and BMDs","Optical Scan",
"2613900000","Michigan","Ottawa County","209427","106","Assigned Polling Place","No","Hand marked paper ballots and BMDs","Optical Scan",
"2614100000","Michigan","Presque Isle County","11013","16","Assigned Polling Place","No","Hand marked paper ballots and BMDs","Optical Scan",
"2614300000","Michigan","Roscommon County","20890","14","Assigned Polling Place","No","Hand marked paper ballots and BMDs","Optical Scan",
"2614500000","Michigan","Saginaw County","139718","83","Assigned Polling Place","No","Hand marked paper ballots and BMDs","Optical Scan",
"2615100000","Michigan","Sanilac County","29696","31","Assigned Polling Place","No","Hand marked paper ballots and BMDs","Optical Scan",
"2615300000","Michigan","Schoolcraft County","6587","11","Assigned Polling Place","No","Hand marked paper ballots and BMDs","Optical Scan",
"2615500000","Michigan","Shiawassee County","52515","31","Assigned Polling Place","No","Hand marked paper ballots and BMDs","Optical Scan",
"2614700000","Michigan","St. Clair County","122639","65","Assigned Polling Place","No","Hand marked paper ballots and BMDs","Optical Scan",
"2614900000","Michigan","St. Joseph County","41079","23","Assigned Polling Place","No","Hand marked paper ballots and BMDs","Optical Scan",
"2615700000","Michigan","Tuscola County","38850","28","Assigned Polling Place","No","Hand marked paper ballots and BMDs","Optical Scan",
"2615900000","Michigan","Van Buren County","55096","32","Assigned Polling Place","No","Hand marked paper ballots and BMDs","Optical Scan",
"2616100000","Michigan","Washtenaw County","259896","151","Assigned Polling Place","No","Hand marked paper ballots and BMDs","Optical Scan",
"2616300000","Michigan","Wayne County","1238708","918","Assigned Polling Place","No","Hand marked paper ballots and BMDs","Optical Scan",
"2616500000","Michigan","Wexford County","25891","20","Assigned Polling Place","No","Hand marked paper ballots and BMDs","Optical Scan",
"2700100000","Minnesota","Aitkin County","11565","51","Assigned Polling Place","No","Hand marked paper ballots and BMDs","Optical Scan",
"2700300000","Minnesota","Anoka County","234387","128","Assigned Polling Place","No","Hand marked paper ballots and BMDs","Optical Scan",
"2700500000","Minnesota","Becker County","22145","47","Assigned Polling Place","No","Hand marked paper ballots and BMDs","Optical Scan",
"2700700000","Minnesota","Beltrami County","28688","61","Assigned Polling Place","No","Hand marked paper ballots and BMDs","Optical Scan",
"2700900000","Minnesota","Benton County","25431","27","Assigned Polling Place","No","Hand marked paper ballots and BMDs","Optical Scan",
"2701100000","Minnesota","Big Stone County","3224","24","Assigned Polling Place","No","Hand marked paper ballots and BMDs","Optical Scan",
"2701300000","Minnesota","Blue Earth County","39614","56","Assigned Polling Place","No","Hand marked paper ballots and BMDs","Optical Scan",
"2701500000","Minnesota","Brown County","16617","33","Assigned Polling Place","No","Hand marked paper ballots and BMDs","Optical Scan",
"2701700000","Minnesota","Carlton County","22980","39","Assigned Polling Place","No","Hand marked paper ballots and BMDs","Optical Scan",
"2701900000","Minnesota","Carver County","74048","38","Assigned Polling Place","No","Hand marked paper ballots and BMDs","Optical Scan",
"2702100000","Minnesota","Cass County","21831","71","Assigned Polling Place","No","Hand marked paper ballots and BMDs","Optical Scan",
"2702300000","Minnesota","Chippewa County","7229","25","Assigned Polling Place","No","Hand marked paper ballots and BMDs","Optical Scan",
"2702500000","Minnesota","Chisago County","38738","23","Assigned Polling Place","No","Hand marked paper ballots and BMDs","Optical Scan",
"2702700000","Minnesota","Clay County","37026","56","Assigned Polling Place","No","Hand marked paper ballots and BMDs","Optical Scan",
"2702900000","Minnesota","Clearwater County","5314","29","Assigned Polling Place","No","Hand marked paper ballots and BMDs","Optical Scan",
"2703100000","Minnesota","Cook County","4017","14","Assigned Polling Place","No","Hand marked paper ballots and BMDs","Optical Scan",
"2703300000","Minnesota","Cottonwood County","6712","29","Assigned Polling Place","No","Hand marked paper ballots and BMDs","Optical Scan",
"2703500000","Minnesota","Crow Wing County","46522","62","Assigned Polling Place","No","Hand marked paper ballots and BMDs","Optical Scan",
"2703700000","Minnesota","Dakota County","285726","142","Assigned Polling Place","No","Hand marked paper ballots and BMDs","Optical Scan",
"2703900000","Minnesota","Dodge County","13576","22","Assigned Polling Place","No","Hand marked paper ballots and BMDs","Optical Scan",
"2704100000","Minnesota","Douglas County","27559","35","Assigned Polling Place","No","Hand marked paper ballots and BMDs","Optical Scan",
"2704300000","Minnesota","Faribault County","8683","33","Assigned Polling Place","No","Hand marked paper ballots and BMDs","Optical Scan",
"2704500000","Minnesota","Fillmore County","13619","37","Assigned Polling Place","No","Hand marked paper ballots and BMDs","Optical Scan",
"2704700000","Minnesota","Freeborn County","18766","43","Assigned Polling Place","No","Hand marked paper ballots and BMDs","Optical Scan",
"2704900000","Minnesota","Goodhue County","31976","40","Assigned Polling Place","No","Hand marked paper ballots and BMDs","Optical Scan",
"2705100000","Minnesota","Grant County","3993","23","Assigned Polling Place","No","Hand marked paper ballots and BMDs","Optical Scan",
"2705300000","Minnesota","Hennepin County","809493","397","Assigned Polling Place","No","Hand marked paper ballots and BMDs","Optical Scan",
"2705500000","Minnesota","Houston County","12668","27","Assigned Polling Place","No","Hand marked paper ballots and BMDs","Optical Scan",
"2705700000","Minnesota","Hubbard County","14941","37","Assigned Polling Place","No","Hand marked paper ballots and BMDs","Optical Scan",
"2705900000","Minnesota","Isanti County","27650","19","Assigned Polling Place","No","Hand marked paper ballots and BMDs","Optical Scan",
"2706100000","Minnesota","Itasca County","30165","76","Assigned Polling Place","No","Hand marked paper ballots and BMDs","Optical Scan",
"2706300000","Minnesota","Jackson County","6361","28","Assigned Polling Place","No","Hand marked paper ballots and BMDs","Optical Scan",
"2706500000","Minnesota","Kanabec County","10560","20","Assigned Polling Place","No","Hand marked paper ballots and BMDs","Optical Scan",
"2706700000","Minnesota","Kandiyohi County","26391","48","Assigned Polling Place","No","Hand marked paper ballots and BMDs","Optical Scan",
"2706900000","Minnesota","Kittson County","2795","39","Assigned Polling Place","No","Hand marked paper ballots and BMDs","Optical Scan",
"2707100000","Minnesota","Koochiching County","7593","22","Assigned Polling Place","No","Hand marked paper ballots and BMDs","Optical Scan",
"2707300000","Minnesota","Lac Qui Parle County","4436","29","Assigned Polling Place","No","Hand marked paper ballots and BMDs","Optical Scan",
"2707500000","Minnesota","Lake County","7686","19","Assigned Polling Place","No","Hand marked paper ballots and BMDs","Optical Scan",
"2707700000","Minnesota","Lake of the Woods County","2779","17","Assigned Polling Place","No","Hand marked paper ballots and BMDs","Optical Scan",
"2707900000","Minnesota","Le Sueur County","19034","26","Assigned Polling Place","No","Hand marked paper ballots and BMDs","Optical Scan",
"2708100000","Minnesota","Lincoln County","3600","20","Assigned Polling Place","No","Hand marked paper ballots and BMDs","Optical Scan",
"2708300000","Minnesota","Lyon County","14786","33","Assigned Polling Place","No","Hand marked paper ballots and BMDs","Optical Scan",
"2708700000","Minnesota","Mahnomen County","2889","19","Assigned Polling Place","No","Hand marked paper ballots and BMDs","Optical Scan",
"2708900000","Minnesota","Marshall County","5639","60","Assigned Polling Place","No","Hand marked paper ballots and BMDs","Optical Scan",
"2709100000","Minnesota","Martin County","12229","37","Assigned Polling Place","No","Hand marked paper ballots and BMDs","Optical Scan",
"2708500000","Minnesota","McLeod County","23595","28","Assigned Polling Place","No","Hand marked paper ballots and BMDs","Optical Scan",
"2709300000","Minnesota","Meeker County","15036","30","Assigned Polling Place","No","Hand marked paper ballots and BMDs","Optical Scan",
"2709500000","Minnesota","Mille Lacs County","16855","25","Assigned Polling Place","No","Hand marked paper ballots and BMDs","Optical Scan",
"2709700000","Minnesota","Morrison County","22116","48","Assigned Polling Place","No","Hand marked paper ballots and BMDs","Optical Scan",
"2709900000","Minnesota","Mower County","22366","39","Assigned Polling Place","No","Hand marked paper ballots and BMDs","Optical Scan",
"2710100000","Minnesota","Murray County","5350","29","Assigned Polling Place","No","Hand marked paper ballots and BMDs","Optical Scan",
"2710300000","Minnesota","Nicollet County","21593","26","Assigned Polling Place","No","Hand marked paper ballots and BMDs","Optical Scan",
"2710500000","Minnesota","Nobles County","9877","40","Assigned Polling Place","No","Hand marked paper ballots and BMDs","Optical Scan",
"2710700000","Minnesota","Norman County","3824","33","Assigned Polling Place","No","Hand marked paper ballots and BMDs","Optical Scan",
"2710900000","Minnesota","Olmsted County","102678","110","Assigned Polling Place","No","Hand marked paper ballots and BMDs","Optical Scan",
"2711100000","Minnesota","Otter Tail County","40021","91","Assigned Polling Place","No","Hand marked paper ballots and BMDs","Optical Scan",
"2711300000","Minnesota","Pennington County","7945","31","Assigned Polling Place","No","Hand marked paper ballots and BMDs","Optical Scan",
"2711500000","Minnesota","Pine County","18063","47","Assigned Polling Place","No","Hand marked paper ballots and BMDs","Hand Count and Optical Scan",
"2711700000","Minnesota","Pipestone County","5371","22","Assigned Polling Place","No","Hand marked paper ballots and BMDs","Optical Scan",
"2711900000","Minnesota","Polk County","17299","82","Assigned Polling Place","No","Hand marked paper ballots and BMDs","Optical Scan",
"2712100000","Minnesota","Pope County","7661","31","Assigned Polling Place","No","Hand marked paper ballots and BMDs","Optical Scan",
"2712300000","Minnesota","Ramsey County","321826","162","Assigned Polling Place","No","Hand marked paper ballots and BMDs","Optical Scan",
"2712500000","Minnesota","Red Lake County","2397","21","Assigned Polling Place","No","Hand marked paper ballots and BMDs","Optical Scan",
"2712700000","Minnesota","Redwood County","9220","43","Assigned Polling Place","No","Hand marked paper ballots and BMDs","Optical Scan",
"2712900000","Minnesota","Renville County","9050","37","Assigned Polling Place","No","Hand marked paper ballots and BMDs","Optical Scan",
"2713100000","Minnesota","Rice County","40597","32","Assigned Polling Place","No","Hand marked paper ballots and BMDs","Optical Scan",
"2713300000","Minnesota","Rock County","5664","24","Assigned Polling Place","No","Hand marked paper ballots and BMDs","Optical Scan",
"2713500000","Minnesota","Roseau County","9343","44","Assigned Polling Place","No","Hand marked paper ballots and BMDs","Optical Scan",
"2713900000","Minnesota","Scott County","97876","53","Assigned Polling Place","No","Hand marked paper ballots and BMDs","Optical Scan",
"2714100000","Minnesota","Sherburne County","63733","35","Assigned Polling Place","No","Hand marked paper ballots and BMDs","Optical Scan",
"2714300000","Minnesota","Sibley County","9590","25","Assigned Polling Place","No","Hand marked paper ballots and BMDs","Optical Scan",
"2713700000","Minnesota","St. Louis County","133661","170","Assigned Polling Place","No","Hand marked paper ballots and BMDs","Hand Count and Optical Scan",
"2714500000","Minnesota","Stearns County","97051","99","Assigned Polling Place","No","Hand marked paper ballots and BMDs","Optical Scan",
"2714700000","Minnesota","Steele County","23221","26","Assigned Polling Place","No","Hand marked paper ballots and BMDs","Optical Scan",
"2714900000","Minnesota","Stevens County","5409","24","Assigned Polling Place","No","Hand marked paper ballots and BMDs","Optical Scan",
"2715100000","Minnesota","Swift County","5618","30","Assigned Polling Place","No","Hand marked paper ballots and BMDs","Optical Scan",
"2715300000","Minnesota","Todd County","14809","40","Assigned Polling Place","No","Hand marked paper ballots and BMDs","Optical Scan",
"2715500000","Minnesota","Traverse County","2049","20","Assigned Polling Place","No","Hand marked paper ballots and BMDs","Optical Scan",
"2715700000","Minnesota","Wabasha County","14671","33","Assigned Polling Place","No","Hand marked paper ballots and BMDs","Optical Scan",
"2715900000","Minnesota","Wadena County","8564","25","Assigned Polling Place","No","Hand marked paper ballots and BMDs","Optical Scan",
"2716100000","Minnesota","Waseca County","11459","23","Assigned Polling Place","No","Hand marked paper ballots and BMDs","Optical Scan",
"2716300000","Minnesota","Washington County","185558","83","Assigned Polling Place","No","Hand marked paper ballots and BMDs","Optical Scan",
"2716500000","Minnesota","Watonwan County","5659","21","Assigned Polling Place","No","Hand marked paper ballots and BMDs","Optical Scan",
"2716700000","Minnesota","Wilkin County","3789","32","Assigned Polling Place","No","Hand marked paper ballots and BMDs","Optical Scan",
"2716900000","Minnesota","Winona County","30122","49","Assigned Polling Place","No","Hand marked paper ballots and BMDs","Optical Scan",
"2717100000","Minnesota","Wright County","95971","49","Assigned Polling Place","No","Hand marked paper ballots and BMDs","Optical Scan",
"2717300000","Minnesota","Yellow Medicine County","5962","30","Assigned Polling Place","No","Hand marked paper ballots and BMDs","Optical Scan",
"2800100000","Mississippi","Adams County","18448","19","Assigned Polling Place","No","Hand marked paper ballots and BMDs","Optical Scan",
"2800300000","Mississippi","Alcorn County","23361","17","Assigned Polling Place","No","Hand marked paper ballots and BMDs","Optical Scan",
"2800500000","Mississippi","Amite County","9580","21","Assigned Polling Place","No","Hand marked paper ballots and BMDs","Optical Scan",
"2800700000","Mississippi","Attala County","11098","20","Assigned Polling Place","No","Hand marked paper ballots and BMDs","Optical Scan",
"2800900000","Mississippi","Benton County","5855","5","Assigned Polling Place","No","Hand marked paper ballots and BMDs","Optical Scan",
"2801100000","Mississippi","Bolivar County","19254","28","Assigned Polling Place","No","DREs without VVPAT for all voters","DRE",
"2801300000","Mississippi","Calhoun County","9076","10","Assigned Polling Place","No","Hand marked paper ballots and BMDs","Optical Scan",
"2801500000","Mississippi","Carroll County","7207","14","Assigned Polling Place","No","Hand marked paper ballots and BMDs","Optical Scan",
"2801700000","Mississippi","Chickasaw County","11135","15","Assigned Polling Place","No","Hand marked paper ballots and BMDs","Optical Scan",
"2801900000","Mississippi","Choctaw County","4872","17","Assigned Polling Place","No","Hand marked paper ballots and BMDs","Optical Scan",
"2802100000","Mississippi","Claiborne County","5871","12","Assigned Polling Place","No","Hand marked paper ballots and BMDs","Optical Scan",
"2802300000","Mississippi","Clarke County","11162","23","Assigned Polling Place","No","Hand marked paper ballots and BMDs","Optical Scan",
"2802500000","Mississippi","Clay County","13692","14","Assigned Polling Place","No","Hand marked paper ballots and BMDs","Optical Scan",
"2802700000","Mississippi","Coahoma County","14387","18","Assigned Polling Place","No","Hand marked paper ballots and BMDs","Optical Scan",
"2802900000","Mississippi","Copiah County","18211","19","Assigned Polling Place","No","Hand marked paper ballots and BMDs","Optical Scan",
"2803100000","Mississippi","Covington County","13827","15","Assigned Polling Place","No","DREs without VVPAT for all voters","DRE",
"2803300000","Mississippi","DeSoto County","126571","42","Assigned Polling Place","No","Hand marked paper ballots and BMDs","Optical Scan",
"2803500000","Mississippi","Forrest County","44066","34","Assigned Polling Place","No","Hand marked paper ballots and BMDs","Optical Scan",
"2803700000","Mississippi","Franklin County","5736","14","Assigned Polling Place","No","Hand marked paper ballots and BMDs","Optical Scan",
"2803900000","Mississippi","George County","15216","22","Assigned Polling Place","No","Hand marked paper ballots and BMDs","Optical Scan",
"2804100000","Mississippi","Greene County","7474","13","Assigned Polling Place","No","Hand marked paper ballots and BMDs","Optical Scan",
"2804300000","Mississippi","Grenada County","14476","13","Assigned Polling Place","No","Hand marked paper ballots and BMDs","Optical Scan",
"2804500000","Mississippi","Hancock County","34704","25","Assigned Polling Place","No","Hand marked paper ballots and BMDs","Optical Scan",
"2804700000","Mississippi","Harrison County","143358","54","Assigned Polling Place","No","Hand marked paper ballots and BMDs","Optical Scan",
"2804900000","Mississippi","Hinds County","165630","108","Assigned Polling Place","No","Hand marked paper ballots and BMDs","Optical Scan",
"2805100000","Mississippi","Holmes County","12883","16","Assigned Polling Place","No","DREs without VVPAT for all voters","DRE",
"2805300000","Mississippi","Humphreys County","6375","13","Assigned Polling Place","No","DREs with VVPAT for all voters","DRE",
"2805500000","Mississippi","Issaquena County","844","5","Assigned Polling Place","No","DREs without VVPAT for all voters","DRE",
"2805700000","Mississippi","Itawamba County","14956","28","Assigned Polling Place","No","DREs without VVPAT for all voters","DRE",
"2805900000","Mississippi","Jackson County","86480","32","Assigned Polling Place","No","DREs without VVPAT for all voters","DRE",
"2806100000","Mississippi","Jasper County","10649","17","Assigned Polling Place","No","Hand marked paper ballots and BMDs","Optical Scan",
"2806300000","Mississippi","Jefferson County","5599","18","Assigned Polling Place","No","Hand marked paper ballots and BMDs","Optical Scan",
"2806500000","Mississippi","Jefferson Davis County","8236","12","Assigned Polling Place","No","Hand marked paper ballots and BMDs","Optical Scan",
"2806700000","Mississippi","Jones County","44536","37","Assigned Polling Place","No","Hand marked paper ballots and BMDs","Optical Scan",
"2806900000","Mississippi","Kemper County","7081","14","Assigned Polling Place","No","Hand marked paper ballots and BMDs","Optical Scan",
"2807100000","Mississippi","Lafayette County","32731","18","Assigned Polling Place","No","Hand marked paper ballots and BMDs","Optical Scan",
"2807300000","Mississippi","Lamar County","36681","24","Assigned Polling Place","No","Hand marked paper ballots and BMDs","Optical Scan",
"2807500000","Mississippi","Lauderdale County","41714","38","Assigned Polling Place","No","Hand marked paper ballots and BMDs","Optical Scan",
"2807700000","Mississippi","Lawrence County","8275","24","Assigned Polling Place","No","DREs without VVPAT for all voters","DRE",
"2807900000","Mississippi","Leake County","12986","19","Assigned Polling Place","No","DREs without VVPAT for all voters","DRE",
"2808100000","Mississippi","Lee County","50948","36","Assigned Polling Place","No","Hand marked paper ballots and BMDs","Optical Scan",
"2808300000","Mississippi","Leflore County","18580","18","Assigned Polling Place","No","Hand marked paper ballots and BMDs","Optical Scan",
"2808500000","Mississippi","Lincoln County","21271","30","Assigned Polling Place","No","Hand marked paper ballots and BMDs","Optical Scan",
"2808700000","Mississippi","Lowndes County","37981","20","Assigned Polling Place","No","Hand marked paper ballots and BMDs","Optical Scan",
"2808900000","Mississippi","Madison County","75038","43","Assigned Polling Place","No","Hand marked paper ballots and BMDs","Optical Scan",
"2809100000","Mississippi","Marion County","15943","22","Assigned Polling Place","No","Hand marked paper ballots and BMDs","Optical Scan",
"2809300000","Mississippi","Marshall County","24522","24","Assigned Polling Place","No","Hand marked paper ballots and BMDs","Optical Scan",
"2809500000","Mississippi","Monroe County","24019","26","Assigned Polling Place","No","Hand marked paper ballots and BMDs","Optical Scan",
"2809700000","Mississippi","Montgomery County","6220","15","Assigned Polling Place","No","Hand marked paper ballots and BMDs","Optical Scan",
"2809900000","Mississippi","Neshoba County","17034","23","Assigned Polling Place","No","Hand marked paper ballots and BMDs","Optical Scan",
"2810100000","Mississippi","Newton County","12790","17","Assigned Polling Place","No","Hand marked paper ballots and BMDs","Optical Scan",
"2810300000","Mississippi","Noxubee County","7487","8","Assigned Polling Place","No","DREs without VVPAT for all voters","DRE",
"2810500000","Mississippi","Oktibbeha County","27698","20","Assigned Polling Place","No","Hand marked paper ballots and BMDs","Optical Scan",
"2810700000","Mississippi","Panola County","22106","21","Assigned Polling Place","No","Hand marked paper ballots and BMDs","Optical Scan",
"2810900000","Mississippi","Pearl River County","35462","26","Assigned Polling Place","No","Hand marked paper ballots and BMDs","Optical Scan",
"2811100000","Mississippi","Perry County","8359","15","Assigned Polling Place","No","Hand marked paper ballots and BMDs","Optical Scan",
"2811300000","Mississippi","Pike County","24376","25","Assigned Polling Place","No","Hand marked paper ballots and BMDs","Optical Scan",
"2811500000","Mississippi","Pontotoc County","20145","28","Assigned Polling Place","No","Hand marked paper ballots and BMDs","Optical Scan",
"2811700000","Mississippi","Prentiss County","14108","14","Assigned Polling Place","No","Hand marked paper ballots and BMDs","Optical Scan",
"2811900000","Mississippi","Quitman County","4446","10","Assigned Polling Place","No","Hand marked paper ballots and BMDs","Optical Scan",
"2812100000","Mississippi","Rankin County","95715","47","Assigned Polling Place","No","Hand marked paper ballots and BMDs","Optical Scan",
"2812300000","Mississippi","Scott County","14636","23","Assigned Polling Place","No","Hand marked paper ballots and BMDs","Optical Scan",
"2812500000","Mississippi","Sharkey County","3150","10","Assigned Polling Place","No","DREs without VVPAT for all voters","DRE",
"2812700000","Mississippi","Simpson County","16991","23","Assigned Polling Place","No","Hand marked paper ballots and BMDs","Optical Scan",
"2812900000","Mississippi","Smith County","11148","18","Assigned Polling Place","No","Hand marked paper ballots and BMDs","Optical Scan",
"2813100000","Mississippi","Stone County","11021","15","Assigned Polling Place","No","Hand marked paper ballots and BMDs","Optical Scan",
"2813300000","Mississippi","Sunflower County","12369","17","Assigned Polling Place","No","Hand marked paper ballots and BMDs","Optical Scan",
"2813500000","Mississippi","Tallahatchie County","9677","21","Assigned Polling Place","No","DREs without VVPAT for all voters","DRE",
"2813700000","Mississippi","Tate County","17905","20","Assigned Polling Place","No","Hand marked paper ballots and BMDs","Optical Scan",
"2813900000","Mississippi","Tippah County","13882","24","Assigned Polling Place","No","Hand marked paper ballots and BMDs","Optical Scan",
"2814100000","Mississippi","Tishomingo County","12904","14","Assigned Polling Place","No","Hand marked paper ballots and BMDs","Optical Scan",
"2814300000","Mississippi","Tunica County","6162","12","Assigned Polling Place","No","DREs without VVPAT for all voters","DRE",
"2814500000","Mississippi","Union County","16521","20","Assigned Polling Place","No","DREs without VVPAT for all voters","DRE",
"2814700000","Mississippi","Walthall County","10116","20","Assigned Polling Place","No","DREs without VVPAT for all voters","DRE",
"2814900000","Mississippi","Warren County","25396","23","Assigned Polling Place","No","Hand marked paper ballots and BMDs","Optical Scan",
"2815100000","Mississippi","Washington County","27172","19","Assigned Polling Place","No","DREs without VVPAT for all voters","DRE",
"2815300000","Mississippi","Wayne County","13150","22","Assigned Polling Place","No","Hand marked paper ballots and BMDs","Optical Scan",
"2815500000","Mississippi","Webster County","6488","13","Assigned Polling Place","No","Hand marked paper ballots and BMDs","Optical Scan",
"2815700000","Mississippi","Wilkinson County","6362","9","Assigned Polling Place","No","Hand marked paper ballots and BMDs","Optical Scan",
"2815900000","Mississippi","Winston County","12233","12","Assigned Polling Place","No","Hand marked paper ballots and BMDs","Optical Scan",
"2816100000","Mississippi","Yalobusha County","8014","12","Assigned Polling Place","No","Hand marked paper ballots and BMDs","Optical Scan",
"2816300000","Mississippi","Yazoo County","18869","23","Assigned Polling Place","No","Hand marked paper ballots and BMDs","Optical Scan",
"2900100000","Missouri","Adair County","13025","11","Assigned Polling Place","No","Hand marked paper ballots and BMDs","Optical Scan",
"2900300000","Missouri","Andrew County","11759","19","Assigned Polling Place","No","Hand marked paper ballots and BMDs","Optical Scan",
"2900500000","Missouri","Atchison County","3555","6","Assigned Polling Place","No","Hand marked paper ballots and BMDs","Optical Scan",
"2900700000","Missouri","Audrain County","13496","17","Assigned Polling Place","No","Hand marked paper ballots and BMDs","Optical Scan",
"2900900000","Missouri","Barry County","20423","23","Assigned Polling Place","No","Hand marked paper ballots and BMDs","Optical Scan",
"2901100000","Missouri","Barton County","8349","9","Assigned Polling Place","No","Hand marked paper ballots and BMDs","Optical Scan",
"2901300000","Missouri","Bates County","10688","9","Assigned Polling Place","No","Hand marked paper ballots and BMDs","Optical Scan",
"2901500000","Missouri","Benton County","13748","8","Assigned Polling Place","No","Hand marked paper ballots and BMDs","Optical Scan",
"2901700000","Missouri","Bollinger County","7983","8","Assigned Polling Place","No","Hand marked paper ballots and BMDs","Optical Scan",
"2901900000","Missouri","Boone County","103392","74","Assigned Polling Place","No","Hand marked paper ballots and BMDs","Optical Scan",
"2902100000","Missouri","Buchanan County","47070","24","Assigned Polling Place","No","Hand marked paper ballots and BMDs","Optical Scan",
"2902300000","Missouri","Butler County","24504","31","Assigned Polling Place","No","Hand marked paper ballots and BMDs","Optical Scan",
"2902500000","Missouri","Caldwell County","5921","10","Assigned Polling Place","No","Hand marked paper ballots and BMDs","Optical Scan",
"2902700000","Missouri","Callaway County","27330","28","Assigned Polling Place","No","Hand marked paper ballots and BMDs","Optical Scan",
"2902900000","Missouri","Camden County","30710","24","Assigned Polling Place","No","Hand marked paper ballots and BMDs","Optical Scan",
"2903100000","Missouri","Cape Girardeau County","48936","35","Assigned Polling Place","No","Hand marked paper ballots and BMDs","Optical Scan",
"2903300000","Missouri","Carroll County","5744","23","Assigned Polling Place","No","Hand marked paper ballots and BMDs","Optical Scan",
"2903500000","Missouri","Carter County","4125","6","Assigned Polling Place","No","Hand marked paper ballots and BMDs","Optical Scan",
"2903700000","Missouri","Cass County","71670","48","Assigned Polling Place","No","Hand marked paper ballots and BMDs","Optical Scan",
"2903900000","Missouri","Cedar County","8944","10","Assigned Polling Place","No","Hand marked paper ballots and BMDs","Optical Scan",
"2904100000","Missouri","Chariton County","5071","12","Assigned Polling Place","No","Hand marked paper ballots and BMDs","Optical Scan",
"2904300000","Missouri","Christian County","59972","29","Assigned Polling Place","No","Hand marked paper ballots and BMDs","Optical Scan",
"2904500000","Missouri","Clark County","4784","16","Assigned Polling Place","No","Hand marked paper ballots and BMDs","Optical Scan",
"2904700000","Missouri","Clay County","157256","84","Assigned Polling Place","No","Hand marked paper ballots and BMDs","Optical Scan",
"2904900000","Missouri","Clinton County","14359","7","Assigned Polling Place","No","Hand marked paper ballots and BMDs","Optical Scan",
"2905100000","Missouri","Cole County","49321","29","Assigned Polling Place","No","Hand marked paper ballots and BMDs","Optical Scan",
"2905300000","Missouri","Cooper County","10775","11","Assigned Polling Place","No","Hand marked paper ballots and BMDs","Optical Scan",
"2905500000","Missouri","Crawford County","14652","19","Assigned Polling Place","No","Hand marked paper ballots and BMDs","Optical Scan",
"2905700000","Missouri","Dade County","5419","6","Assigned Polling Place","No","Hand marked paper ballots and BMDs","Optical Scan",
"2905900000","Missouri","Dallas County","10542","14","Assigned Polling Place","No","Hand marked paper ballots and BMDs","Optical Scan",
"2906100000","Missouri","Daviess County","4951","15","Assigned Polling Place","No","Hand marked paper ballots and BMDs","Optical Scan",
"2906300000","Missouri","DeKalb County","6181","9","Assigned Polling Place","No","Hand marked paper ballots and BMDs","Optical Scan",
"2906500000","Missouri","Dent County","9615","9","Assigned Polling Place","No","Hand marked paper ballots and BMDs","Optical Scan",
"2906700000","Missouri","Douglas County","9121","13","Assigned Polling Place","No","Hand marked paper ballots and BMDs","Optical Scan",
"2906900000","Missouri","Dunklin County","15615","14","Assigned Polling Place","No","Hand marked paper ballots and BMDs","Optical Scan",
"2907100000","Missouri","Franklin County","69545","40","Assigned Polling Place","No","Hand marked paper ballots and BMDs","Optical Scan",
"2907300000","Missouri","Gasconade County","9967","19","Assigned Polling Place","No","Hand marked paper ballots and BMDs","Optical Scan",
"2907500000","Missouri","Gentry County","4680","11","Assigned Polling Place","No","Hand marked paper ballots and BMDs","Optical Scan",
"2907700000","Missouri","Greene County","171636","113","Assigned Polling Place","No","Hand marked paper ballots and BMDs","Optical Scan",
"2907900000","Missouri","Grundy County","5780","10","Assigned Polling Place","No","Hand marked paper ballots and BMDs","Optical Scan",
"2908100000","Missouri","Harrison County","4752","8","Assigned Polling Place","No","Hand marked paper ballots and BMDs","Optical Scan",
"2908300000","Missouri","Henry County","14153","10","Assigned Polling Place","No","Hand marked paper ballots and BMDs","Optical Scan",
"2908500000","Missouri","Hickory County","6410","8","Assigned Polling Place","No","Hand marked paper ballots and BMDs","Optical Scan",
"2908700000","Missouri","Holt County","3018","5","Assigned Polling Place","No","Hand marked paper ballots and BMDs","Optical Scan",
"2908900000","Missouri","Howard County","6249","9","Assigned Polling Place","No","Hand marked paper ballots and BMDs","Optical Scan",
"2909100000","Missouri","Howell County","24814","21","Assigned Polling Place","No","Hand marked paper ballots and BMDs","Optical Scan",
"2909300000","Missouri","Iron County","6167","10","Assigned Polling Place","No","Hand marked paper ballots and BMDs","Optical Scan",
"2909500000","Missouri","Jackson County","234054","568","Assigned Polling Place","No","Hand marked paper ballots and BMDs","Optical Scan",
"2909700000","Missouri","Jasper County","70132","46","Assigned Polling Place","No","Hand marked paper ballots and BMDs","Optical Scan",
"2909900000","Missouri","Jefferson County","143957","90","Assigned Polling Place","No","Hand marked paper ballots and BMDs","Optical Scan",
"2910100000","Missouri","Johnson County","28935","20","Assigned Polling Place","No","Hand marked paper ballots and BMDs","Optical Scan",
"2938000000","Missouri","City of Kansas City","189625","445","Assigned Polling Place","No","Hand marked paper ballots and BMDs","Optical Scan",
"2910300000","Missouri","Knox County","2341","7","Assigned Polling Place","No","Hand marked paper ballots and BMDs","Optical Scan",
"2910500000","Missouri","Laclede County","21051","15","Assigned Polling Place","No","Hand marked paper ballots and BMDs","Optical Scan",
"2910700000","Missouri","Lafayette County","20943","41","Assigned Polling Place","No","Hand marked paper ballots and BMDs","Optical Scan",
"2910900000","Missouri","Lawrence County","23932","20","Assigned Polling Place","No","Hand marked paper ballots and BMDs","Optical Scan",
"2911100000","Missouri","Lewis County","5816","6","Assigned Polling Place","No","Hand marked paper ballots and BMDs","Optical Scan",
"2911300000","Missouri","Lincoln County","38378","17","Assigned Polling Place","No","Hand marked paper ballots and BMDs","Optical Scan",
"2911500000","Missouri","Linn County","7960","21","Assigned Polling Place","No","Hand marked paper ballots and BMDs","Optical Scan",
"2911700000","Missouri","Livingston County","8666","18","Assigned Polling Place","No","Hand marked paper ballots and BMDs","Optical Scan",
"2912100000","Missouri","Macon County","9842","11","Assigned Polling Place","No","Hand marked paper ballots and BMDs","Optical Scan",
"2912300000","Missouri","Madison County","8118","8","Assigned Polling Place","No","Hand marked paper ballots and BMDs","Optical Scan",
"2912500000","Missouri","Maries County","5888","12","Assigned Polling Place","No","Hand marked paper ballots and BMDs","Optical Scan",
"2912700000","Missouri","Marion County","17744","17","Assigned Polling Place","No","Hand marked paper ballots and BMDs","Optical Scan",
"2911900000","Missouri","McDonald County","12908","13","Assigned Polling Place","No","Hand marked paper ballots and BMDs","Optical Scan",
"2912900000","Missouri","Mercer County","2267","6","Assigned Polling Place","No","Hand marked paper ballots and BMDs","Optical Scan",
"2913100000","Missouri","Miller County","16869","13","Assigned Polling Place","No","Hand marked paper ballots and BMDs","Optical Scan",
"2913300000","Missouri","Mississippi County","7166","8","Assigned Polling Place","No","Hand marked paper ballots and BMDs","Optical Scan",
"2913500000","Missouri","Moniteau County","8899","11","Assigned Polling Place","No","Hand marked paper ballots and BMDs","Optical Scan",
"2913700000","Missouri","Monroe County","5704","10","Assigned Polling Place","No","Hand marked paper ballots and BMDs","Optical Scan",
"2913900000","Missouri","Montgomery County","7415","9","Assigned Polling Place","No","Hand marked paper ballots and BMDs","Optical Scan",
"2914100000","Missouri","Morgan County","12064","16","Assigned Polling Place","No","Hand marked paper ballots and BMDs","Optical Scan",
"2914300000","Missouri","New Madrid County","9531","19","Assigned Polling Place","No","Hand marked paper ballots and BMDs","Optical Scan",
"2914500000","Missouri","Newton County","37693","23","Assigned Polling Place","No","Hand marked paper ballots and BMDs","Optical Scan",
"2914700000","Missouri","Nodaway County","11829","20","Assigned Polling Place","No","Hand marked paper ballots and BMDs","Optical Scan",
"2914900000","Missouri","Oregon County","6390","16","Assigned Polling Place","No","Hand marked paper ballots and BMDs","Optical Scan",
"2915100000","Missouri","Osage County","9380","12","Assigned Polling Place","No","Hand marked paper ballots and BMDs","Optical Scan",
"2915300000","Missouri","Ozark County","7179","9","Assigned Polling Place","No","Hand marked paper ballots and BMDs","Optical Scan",
"2915500000","Missouri","Pemiscot County","9190","13","Assigned Polling Place","No","Hand marked paper ballots and BMDs","Optical Scan",
"2915700000","Missouri","Perry County","12279","19","Assigned Polling Place","No","Hand marked paper ballots and BMDs","Optical Scan",
"2915900000","Missouri","Pettis County","24310","15","Assigned Polling Place","No","Hand marked paper ballots and BMDs","Optical Scan",
"2916100000","Missouri","Phelps County","25591","20","Assigned Polling Place","No","Hand marked paper ballots and BMDs","Optical Scan",
"2916300000","Missouri","Pike County","10028","13","Assigned Polling Place","No","Hand marked paper ballots and BMDs","Optical Scan",
"2916500000","Missouri","Platte County","66742","44","Assigned Polling Place","No","Hand marked paper ballots and BMDs","Optical Scan",
"2916700000","Missouri","Polk County","19404","22","Assigned Polling Place","No","Hand marked paper ballots and BMDs","Optical Scan",
"2916900000","Missouri","Pulaski County","21153","9","Assigned Polling Place","No","Hand marked paper ballots and BMDs","Optical Scan",
"2917100000","Missouri","Putnam County","3124","8","Assigned Polling Place","No","Hand marked paper ballots and BMDs","Optical Scan",
"2917300000","Missouri","Ralls County","7400","8","Assigned Polling Place","No","Hand marked paper ballots and BMDs","Optical Scan",
"2917500000","Missouri","Randolph County","14516","15","Assigned Polling Place","No","Hand marked paper ballots and BMDs","Optical Scan",
"2917700000","Missouri","Ray County","15187","12","Assigned Polling Place","No","Hand marked paper ballots and BMDs","Optical Scan",
"2917900000","Missouri","Reynolds County","4255","13","Assigned Polling Place","No","Hand marked paper ballots and BMDs","Optical Scan",
"2918100000","Missouri","Ripley County","7881","18","Assigned Polling Place","No","Hand marked paper ballots and BMDs","Optical Scan",
"2919500000","Missouri","Saline County","12418","17","Assigned Polling Place","No","Hand marked paper ballots and BMDs","Optical Scan",
"2919700000","Missouri","Schuyler County","2496","5","Assigned Polling Place","No","Hand marked paper ballots and BMDs","Optical Scan",
"2919900000","Missouri","Scotland County","2435","1","Assigned Polling Place","No","Hand marked paper ballots and BMDs","Optical Scan",
"2920100000","Missouri","Scott County","22649","21","Assigned Polling Place","No","Hand marked paper ballots and BMDs","Optical Scan",
"2920300000","Missouri","Shannon County","5522","11","Assigned Polling Place","No","Hand marked paper ballots and BMDs","Optical Scan",
"2920500000","Missouri","Shelby County","4019","6","Assigned Polling Place","No","Hand marked paper ballots and BMDs","Optical Scan",
"2918300000","Missouri","St. Charles County","263029","116","Assigned Polling Place","No","Hand marked paper ballots and BMDs","Optical Scan",
"2918500000","Missouri","St. Clair County","6314","9","Assigned Polling Place","No","Hand marked paper ballots and BMDs","Optical Scan",
"2918700000","Missouri","St. Francois County","36901","22","Assigned Polling Place","No","Hand marked paper ballots and BMDs","Optical Scan",
"2951000000","Missouri","City of St. Louis","194735","180","Assigned Polling Place","No","Hand marked paper ballots and DREs with VVPAT","Optical Scan and DRE",
"2918900000","Missouri","St. Louis County","646417","977","Vote Center","No","Hand marked paper ballots and BMDs","Optical Scan",
"2918600000","Missouri","Ste. Genevieve County","12510","13","Assigned Polling Place","No","Hand marked paper ballots and BMDs","Optical Scan",
"2920700000","Missouri","Stoddard County","17410","11","Assigned Polling Place","No","Hand marked paper ballots and BMDs","Optical Scan",
"2920900000","Missouri","Stone County","23229","22","Assigned Polling Place","No","Hand marked paper ballots and BMDs","Optical Scan",
"2921100000","Missouri","Sullivan County","3582","15","Assigned Polling Place","No","Hand marked paper ballots and BMDs","Optical Scan",
"2921300000","Missouri","Taney County","34321","21","Assigned Polling Place","No","Hand marked paper ballots and BMDs","Optical Scan",
"2921500000","Missouri","Texas County","15586","11","Assigned Polling Place","No","Hand marked paper ballots and BMDs","Optical Scan",
"2921700000","Missouri","Vernon County","11336","34","Assigned Polling Place","No","Hand marked paper ballots and BMDs","Optical Scan",
"2921900000","Missouri","Warren County","24244","26","Assigned Polling Place","No","Hand marked paper ballots and BMDs","Optical Scan",
"2922100000","Missouri","Washington County","13541","14","Assigned Polling Place","No","Hand marked paper ballots and BMDs","Optical Scan",
"2922300000","Missouri","Wayne County","7848","20","Assigned Polling Place","No","Hand marked paper ballots and BMDs","Optical Scan",
"2922500000","Missouri","Webster County","23453","13","Assigned Polling Place","No","Hand marked paper ballots and BMDs","Optical Scan",
"2922700000","Missouri","Worth County","1405","8","Assigned Polling Place","No","Hand marked paper ballots and BMDs","Hand Count",
"2922900000","Missouri","Wright County","11350","11","Assigned Polling Place","No","Hand marked paper ballots and BMDs","Optical Scan",
"3000100000","Montana","Beaverhead County","6065","16","Assigned Polling Place","No","Hand marked paper ballots and BMDs","Optical Scan",
"3000300000","Montana","Big Horn County","5464","19","Assigned Polling Place","No","Hand marked paper ballots and BMDs","Optical Scan",
"3000500000","Montana","Blaine County","3289","8","Assigned Polling Place","No","Hand marked paper ballots and BMDs","Optical Scan",
"3000700000","Montana","Broadwater County","4937","5","Assigned Polling Place","No","Hand marked paper ballots and BMDs","Optical Scan",
"3000900000","Montana","Carbon County","8252","13","Assigned Polling Place","No","Hand marked paper ballots and BMDs","Optical Scan",
"3001100000","Montana","Carter County","910","4","Assigned Polling Place","No","Hand marked paper ballots and BMDs","Optical Scan",
"3001300000","Montana","Cascade County","42924","23","Assigned Polling Place","No","Hand marked paper ballots and BMDs","Optical Scan",
"3001500000","Montana","Chouteau County","3133","9","Assigned Polling Place","No","Hand marked paper ballots and BMDs","Optical Scan",
"3001700000","Montana","Custer County","6351","14","Assigned Polling Place","No","Hand marked paper ballots and BMDs","Optical Scan",
"3001900000","Montana","Daniels County","1045","4","Assigned Polling Place","No","Hand marked paper ballots and BMDs","Hand Count",
"3002100000","Montana","Dawson County","5043","7","Assigned Polling Place","No","Hand marked paper ballots and BMDs","Optical Scan",
"3002300000","Montana","Deer Lodge County","5391","14","Assigned Polling Place","No","Hand marked paper ballots and BMDs","Optical Scan",
"3002500000","Montana","Fallon County","1639","1","Assigned Polling Place","No","Hand marked paper ballots and BMDs","Hand Count",
"3002700000","Montana","Fergus County","7024","16","Assigned Polling Place","No","Hand marked paper ballots and BMDs","Optical Scan",
"3002900000","Montana","Flathead County","69524","42","Assigned Polling Place","No","Hand marked paper ballots and BMDs","Optical Scan",
"3003100000","Montana","Gallatin County","76353","32","Assigned Polling Place","No","Hand marked paper ballots and BMDs","Optical Scan",
"3003300000","Montana","Garfield County","869","4","Assigned Polling Place","No","Hand marked paper ballots and BMDs","Hand Count",
"3003500000","Montana","Glacier County","6599","16","Assigned Polling Place","No","Hand marked paper ballots and BMDs","Optical Scan",
"3003700000","Montana","Golden Valley County","566","2","Assigned Polling Place","No","Hand marked paper ballots and BMDs","Hand Count",
"3003900000","Montana","Granite County","2300","4","Assigned Polling Place","No","Hand marked paper ballots and BMDs","Optical Scan",
"3004100000","Montana","Hill County","7630","17","Assigned Polling Place","No","Hand marked paper ballots and BMDs","Optical Scan",
"3004300000","Montana","Jefferson County","8613","10","Assigned Polling Place","No","Hand marked paper ballots and BMDs","Optical Scan",
"3004500000","Montana","Judith Basin County","1443","4","Assigned Polling Place","No","Hand marked paper ballots and BMDs","Optical Scan",
"3004700000","Montana","Lake County","19206","22","Assigned Polling Place","No","Hand marked paper ballots and BMDs","Optical Scan",
"3004900000","Montana","Lewis and Clark County","45931","33","Assigned Polling Place","No","Hand marked paper ballots and BMDs","Optical Scan",
"3005100000","Montana","Liberty County","1159","4","Assigned Polling Place","No","Hand marked paper ballots and BMDs","Optical Scan",
"3005300000","Montana","Lincoln County","13428","14","Assigned Polling Place","No","Hand marked paper ballots and BMDs","Optical Scan",
"3005700000","Montana","Madison County","6928","8","Assigned Polling Place","No","Hand marked paper ballots and BMDs","Optical Scan",
"3005500000","Montana","McCone County","1181","3","Assigned Polling Place","No","Hand marked paper ballots and BMDs","Hand Count",
"3005900000","Montana","Meagher County","1227","1","Assigned Polling Place","No","Hand marked paper ballots and BMDs","Hand Count",
"3006100000","Montana","Mineral County","3118","6","Assigned Polling Place","No","Hand marked paper ballots and BMDs","Optical Scan",
"3006300000","Montana","Missoula County","74292","52","Assigned Polling Place","No","Hand marked paper ballots and BMDs","Optical Scan",
"3006500000","Montana","Musselshell County","3168","6","Assigned Polling Place","No","Hand marked paper ballots and BMDs","Optical Scan",
"3006700000","Montana","Park County","12162","11","Assigned Polling Place","No","Hand marked paper ballots and BMDs","Optical Scan",
"3006900000","Montana","Petroleum County","353","1","Assigned Polling Place","No","Hand marked paper ballots and BMDs","Optical Scan",
"3007100000","Montana","Phillips County","2462","2","Assigned Polling Place","No","Hand marked paper ballots and BMDs","Optical Scan",
"3007300000","Montana","Pondera County","3373","8","Assigned Polling Place","No","Hand marked paper ballots and BMDs","Optical Scan",
"3007500000","Montana","Powder River County","1229","7","Assigned Polling Place","No","Hand marked paper ballots and BMDs","Hand Count",
"3007700000","Montana","Powell County","3508","13","Assigned Polling Place","No","Hand marked paper ballots and BMDs","Optical Scan",
"3007900000","Montana","Prairie County","771","4","Assigned Polling Place","No","Hand marked paper ballots and BMDs","Hand Count",
"3008100000","Montana","Ravalli County","30564","24","Assigned Polling Place","No","Hand marked paper ballots and BMDs","Optical Scan",
"3008300000","Montana","Richland County","6476","13","Assigned Polling Place","No","Hand marked paper ballots and BMDs","Optical Scan",
"3008500000","Montana","Roosevelt County","4547","12","Assigned Polling Place","No","Hand marked paper ballots and BMDs","Optical Scan",
"3008700000","Montana","Rosebud County","4050","12","Assigned Polling Place","No","Hand marked paper ballots and BMDs","Optical Scan",
"3008900000","Montana","Sanders County","8916","9","Assigned Polling Place","No","Hand marked paper ballots and BMDs","Optical Scan",
"3009100000","Montana","Sheridan County","2158","6","Assigned Polling Place","No","Hand marked paper ballots and BMDs","Optical Scan",
"3009300000","Montana","Silver Bow County","20107","31","Assigned Polling Place","No","Hand marked paper ballots and BMDs","Optical Scan",
"3009500000","Montana","Stillwater County","6125","8","Assigned Polling Place","No","Hand marked paper ballots and BMDs","Optical Scan",
"3009700000","Montana","Sweet Grass County","2545","5","Assigned Polling Place","No","Hand marked paper ballots and BMDs","Optical Scan",
"3009900000","Montana","Teton County","3894","5","Assigned Polling Place","No","Hand marked paper ballots and BMDs","Optical Scan",
"3010100000","Montana","Toole County","2227","5","Assigned Polling Place","No","Hand marked paper ballots and BMDs","Optical Scan",
"3010300000","Montana","Treasure County","494","1","Assigned Polling Place","No","Hand marked paper ballots and BMDs","Hand Count",
"3010500000","Montana","Valley County","4459","3","Assigned Polling Place","No","Hand marked paper ballots and BMDs","Optical Scan",
"3010700000","Montana","Wheatland County","1242","5","Assigned Polling Place","No","Hand marked paper ballots and BMDs","Hand Count",
"3010900000","Montana","Wibaux County","679","1","Assigned Polling Place","No","Hand marked paper ballots and BMDs","Optical Scan",
"3011100000","Montana","Yellowstone County","93977","44","Assigned Polling Place","No","Hand marked paper ballots and BMDs","Optical Scan",
"3100100000","Nebraska","Adams County","17859","22","Assigned Polling Place","No","Hand marked paper ballots and BMDs","Optical Scan",
"3100300000","Nebraska","Antelope County","4202","8","Assigned Polling Place","No","Hand marked paper ballots and BMDs","Optical Scan",
"3100500000","Nebraska","Arthur County","332","1","Assigned Polling Place","No","Hand marked paper ballots and BMDs","Optical Scan",
"3100700000","Nebraska","Banner County","525","1","Assigned Polling Place","No","Hand marked paper ballots and BMDs","Optical Scan",
"3100900000","Nebraska","Blaine County","343","1","Assigned Polling Place","No","Hand marked paper ballots and BMDs","Optical Scan",
"3101100000","Nebraska","Boone County","3562","9","Vote Center","Yes","Hand marked paper ballots and BMDs","Optical Scan",
"3101300000","Nebraska","Box Butte County","6335","8","Assigned Polling Place","No","Hand marked paper ballots and BMDs","Optical Scan",
"3101500000","Nebraska","Boyd County","1295","3","Assigned Polling Place","No","Hand marked paper ballots and BMDs","Optical Scan",
"3101700000","Nebraska","Brown County","1993","3","Assigned Polling Place","No","Hand marked paper ballots and BMDs","Optical Scan",
"3101900000","Nebraska","Buffalo County","28525","29","Assigned Polling Place","No","Hand marked paper ballots and BMDs","Optical Scan",
"3102100000","Nebraska","Burt County","4656","11","Assigned Polling Place","No","Hand marked paper ballots and BMDs","Optical Scan",
"3102300000","Nebraska","Butler County","5411","11","Assigned Polling Place","No","Hand marked paper ballots and BMDs","Optical Scan",
"3102500000","Nebraska","Cass County","18103","30","Assigned Polling Place","No","Hand marked paper ballots and BMDs","Optical Scan",
"3102700000","Nebraska","Cedar County","5548","13","Vote Center","Yes","Hand marked paper ballots and BMDs","Optical Scan",
"3102900000","Nebraska","Chase County","2302","5","Assigned Polling Place","No","Hand marked paper ballots and BMDs","Optical Scan",
"3103100000","Nebraska","Cherry County","3570","10","Vote Center","Yes","Hand marked paper ballots and BMDs","Optical Scan",
"3103300000","Nebraska","Cheyenne County","5845","9","Assigned Polling Place","No","Hand marked paper ballots and BMDs","Optical Scan",
"3103500000","Nebraska","Clay County","3891","11","Vote Center","Yes","Hand marked paper ballots and BMDs","Optical Scan",
"3103700000","Nebraska","Colfax County","4849","5","Assigned Polling Place","No","Hand marked paper ballots and BMDs","Optical Scan",
"3103900000","Nebraska","Cuming County","5393","6","Assigned Polling Place","No","Hand marked paper ballots and BMDs","Optical Scan",
"3104100000","Nebraska","Custer County","7245","18","Assigned Polling Place","No","Hand marked paper ballots and BMDs","Optical Scan",
"3104300000","Nebraska","Dakota County","9560","12","Assigned Polling Place","No","Hand marked paper ballots and BMDs","Optical Scan",
"3104500000","Nebraska","Dawes County","4583","11","Vote Center","Yes","Hand marked paper ballots and BMDs","Optical Scan",
"3104700000","Nebraska","Dawson County","11913","20","Assigned Polling Place","No","Hand marked paper ballots and BMDs","Optical Scan",
"3104900000","Nebraska","Deuel County","1360","3","Assigned Polling Place","No","Hand marked paper ballots and BMDs","Optical Scan",
"3105100000","Nebraska","Dixon County","3497","10","Vote Center","Yes","Hand marked paper ballots and BMDs","Optical Scan",
"3105300000","Nebraska","Dodge County","20546","32","Assigned Polling Place","No","Hand marked paper ballots and BMDs","Optical Scan",
"3105500000","Nebraska","Douglas County","326027","231","Assigned Polling Place","No","Hand marked paper ballots and BMDs","Optical Scan",
"3105700000","Nebraska","Dundy County","1149","4","Assigned Polling Place","No","Hand marked paper ballots and BMDs","Optical Scan",
"3105900000","Nebraska","Fillmore County","3782","7","Assigned Polling Place","No","Hand marked paper ballots and BMDs","Optical Scan",
"3106100000","Nebraska","Franklin County","1997","4","Assigned Polling Place","No","Hand marked paper ballots and BMDs","Optical Scan",
"3106300000","Nebraska","Frontier County","1741","5","Assigned Polling Place","No","Hand marked paper ballots and BMDs","Optical Scan",
"3106500000","Nebraska","Furnas County","3227","8","Assigned Polling Place","No","Hand marked paper ballots and BMDs","Optical Scan",
"3106700000","Nebraska","Gage County","13408","10","Assigned Polling Place","No","Hand marked paper ballots and BMDs","Optical Scan",
"3106900000","Nebraska","Garden County","1308","4","Vote Center","Yes","Hand marked paper ballots and BMDs","Optical Scan",
"3107100000","Nebraska","Garfield County","1256","2","Assigned Polling Place","No","Hand marked paper ballots and BMDs","Optical Scan",
"3107300000","Nebraska","Gosper County","1335","3","Assigned Polling Place","No","Hand marked paper ballots and BMDs","Optical Scan",
"3107500000","Nebraska","Grant County","434","1","Assigned Polling Place","No","Hand marked paper ballots and BMDs","Optical Scan",
"3107700000","Nebraska","Greeley County","1545","4","Assigned Polling Place","No","Hand marked paper ballots and BMDs","Optical Scan",
"3107900000","Nebraska","Hall County","30680","24","Assigned Polling Place","No","Hand marked paper ballots and BMDs","Optical Scan",
"3108100000","Nebraska","Hamilton County","6507","11","Assigned Polling Place","No","Hand marked paper ballots and BMDs","Optical Scan",
"3108300000","Nebraska","Harlan County","2270","2","Vote Center","Yes","Hand marked paper ballots and BMDs","Optical Scan",
"3108500000","Nebraska","Hayes County","626","3","Assigned Polling Place","No","Hand marked paper ballots and BMDs","Optical Scan",
"3108700000","Nebraska","Hitchcock County","1773","4","Assigned Polling Place","No","Hand marked paper ballots and BMDs","Optical Scan",
"3108900000","Nebraska","Holt County","6720","13","Assigned Polling Place","No","Hand marked paper ballots and BMDs","Optical Scan",
"3109100000","Nebraska","Hooker County","522","1","Assigned Polling Place","No","Hand marked paper ballots and BMDs","Optical Scan",
"3109300000","Nebraska","Howard County","4360","8","Assigned Polling Place","No","Hand marked paper ballots and BMDs","Optical Scan",
"3109500000","Nebraska","Jefferson County","4501","10","Assigned Polling Place","No","Hand marked paper ballots and BMDs","Optical Scan",
"3109700000","Nebraska","Johnson County","2741","6","Assigned Polling Place","No","Hand marked paper ballots and BMDs","Optical Scan",
"3109900000","Nebraska","Kearney County","4306","9","Assigned Polling Place","No","Hand marked paper ballots and BMDs","Optical Scan",
"3110100000","Nebraska","Keith County","5083","9","Assigned Polling Place","No","Hand marked paper ballots and BMDs","Optical Scan",
"3110300000","Nebraska","Keya Paha County","617","3","Assigned Polling Place","No","Hand marked paper ballots and BMDs","Optical Scan",
"3110500000","Nebraska","Kimball County","2427","5","Assigned Polling Place","No","Hand marked paper ballots and BMDs","Optical Scan",
"3110700000","Nebraska","Knox County","5307","7","Vote Center","Yes","Hand marked paper ballots and BMDs","Optical Scan",
"3110900000","Nebraska","Lancaster County","186058","198","Assigned Polling Place","No","Hand marked paper ballots and BMDs","Optical Scan",
"3111100000","Nebraska","Lincoln County","20981","24","Assigned Polling Place","No","Hand marked paper ballots and BMDs","Optical Scan",
"3111300000","Nebraska","Logan County","525","1","Assigned Polling Place","No","Hand marked paper ballots and BMDs","Optical Scan",
"3111500000","Nebraska","Loup County","513","1","Assigned Polling Place","No","Hand marked paper ballots and BMDs","Optical Scan",
"3111900000","Nebraska","Madison County","19801","19","Assigned Polling Place","No","Hand marked paper ballots and BMDs","Optical Scan",
"3111700000","Nebraska","McPherson County","333","1","Assigned Polling Place","No","Hand marked paper ballots and BMDs","Optical Scan",
"3112100000","Nebraska","Merrick County","4850","15","Vote Center","Yes","Hand marked paper ballots and BMDs","Optical Scan",
"3112300000","Nebraska","Morrill County","2913","9","Vote Center","Yes","Hand marked paper ballots and BMDs","Optical Scan",
"3112500000","Nebraska","Nance County","2237","5","Assigned Polling Place","No","Hand marked paper ballots and BMDs","Optical Scan",
"3112700000","Nebraska","Nemaha County","4206","9","Assigned Polling Place","No","Hand marked paper ballots and BMDs","Optical Scan",
"3112900000","Nebraska","Nuckolls County","2845","4","Assigned Polling Place","No","Hand marked paper ballots and BMDs","Optical Scan",
"3113100000","Nebraska","Otoe County","10108","10","Assigned Polling Place","No","Hand marked paper ballots and BMDs","Optical Scan",
"3113300000","Nebraska","Pawnee County","1715","5","Assigned Polling Place","No","Hand marked paper ballots and BMDs","Optical Scan",
"3113500000","Nebraska","Perkins County","1803","2","Assigned Polling Place","No","Hand marked paper ballots and BMDs","Optical Scan",
"3113700000","Nebraska","Phelps County","5901","12","Assigned Polling Place","No","Hand marked paper ballots and BMDs","Optical Scan",
"3113900000","Nebraska","Pierce County","4725","5","Assigned Polling Place","No","Hand marked paper ballots and BMDs","Optical Scan",
"3114100000","Nebraska","Platte County","19241","27","Assigned Polling Place","No","Hand marked paper ballots and BMDs","Optical Scan",
"3114300000","Nebraska","Polk County","3424","6","Assigned Polling Place","No","Hand marked paper ballots and BMDs","Optical Scan",
"3114500000","Nebraska","Red Willow County","6595","13","Assigned Polling Place","No","Hand marked paper ballots and BMDs","Optical Scan",
"3114700000","Nebraska","Richardson County","4886","15","Assigned Polling Place","No","Hand marked paper ballots and BMDs","Optical Scan",
"3114900000","Nebraska","Rock County","1008","1","Assigned Polling Place","No","Hand marked paper ballots and BMDs","Optical Scan",
"3115100000","Nebraska","Saline County","7149","9","Assigned Polling Place","No","Hand marked paper ballots and BMDs","Optical Scan",
"3115300000","Nebraska","Sarpy County","113477","81","Assigned Polling Place","No","Hand marked paper ballots and BMDs","Optical Scan",
"3115500000","Nebraska","Saunders County","15401","19","Assigned Polling Place","No","Hand marked paper ballots and BMDs","Optical Scan",
"3115700000","Nebraska","Scotts Bluff County","20521","29","Assigned Polling Place","No","Hand marked paper ballots and BMDs","Optical Scan",
"3115900000","Nebraska","Seward County","10840","16","Assigned Polling Place","No","Hand marked paper ballots and BMDs","Optical Scan",
"3116100000","Nebraska","Sheridan County","3249","8","Assigned Polling Place","No","Hand marked paper ballots and BMDs","Optical Scan",
"3116300000","Nebraska","Sherman County","2041","6","Assigned Polling Place","No","Hand marked paper ballots and BMDs","Optical Scan",
"3116500000","Nebraska","Sioux County","836","2","Assigned Polling Place","No","Hand marked paper ballots and BMDs","Optical Scan",
"3116700000","Nebraska","Stanton County","3593","10","Vote Center","Yes","Hand marked paper ballots and BMDs","Optical Scan",
"3116900000","Nebraska","Thayer County","3385","4","Assigned Polling Place","No","Hand marked paper ballots and BMDs","Optical Scan",
"3117100000","Nebraska","Thomas County","484","1","Assigned Polling Place","No","Hand marked paper ballots and BMDs","Optical Scan",
"3117300000","Nebraska","Thurston County","3389","6","Assigned Polling Place","No","Hand marked paper ballots and BMDs","Optical Scan",
"3117500000","Nebraska","Valley County","2873","7","Assigned Polling Place","No","Hand marked paper ballots and BMDs","Optical Scan",
"3117700000","Nebraska","Washington County","14451","15","Assigned Polling Place","No","Hand marked paper ballots and BMDs","Optical Scan",
"3117900000","Nebraska","Wayne County","4875","10","Assigned Polling Place","No","Hand marked paper ballots and BMDs","Optical Scan",
"3118100000","Nebraska","Webster County","2202","5","Assigned Polling Place","No","Hand marked paper ballots and BMDs","Optical Scan",
"3118300000","Nebraska","Wheeler County","562","1","Assigned Polling Place","No","Hand marked paper ballots and BMDs","Optical Scan",
"3118500000","Nebraska","York County","8582","12","Assigned Polling Place","No","Hand marked paper ballots and BMDs","Optical Scan",
"3251000000","Nevada","Consolidated Municipality of Carson City","37523","24","Vote Center","Yes","Ballot Marking Devices for all voters","Optical Scan",
"3200100000","Nevada","Churchill County","15537","19","Vote Center","Yes","DREs with VVPAT for all voters","DRE",
"3200300000","Nevada","Clark County","1310660","914","Vote Center","Yes","DREs with VVPAT for all voters","DRE",
"3200500000","Nevada","Douglas County","40737","41","Vote Center","Yes","DREs with VVPAT for all voters","DRE",
"3200700000","Nevada","Elko County","27673","41","Vote Center","Yes","DREs with VVPAT for all voters","DRE",
"3200900000","Nevada","Esmeralda County","420","5","Vote Center","Yes","DREs with VVPAT for all voters","DRE",
"3201100000","Nevada","Eureka County","1172","4","Vote Center","Yes","DREs with VVPAT for all voters","DRE",
"3201300000","Nevada","Humboldt County","9736","15","Vote Center","Yes","DREs with VVPAT for all voters","DRE",
"3201500000","Nevada","Lander County","3548","9","Vote Center","Yes","Ballot Marking Devices for all voters","Optical Scan",
"3201700000","Nevada","Lincoln County","2848","5","Vote Center","Yes","DREs with VVPAT for all voters","DRE",
"3201900000","Nevada","Lyon County","42360","41","Vote Center","Yes","DREs with VVPAT for all voters","DRE",
"3202100000","Nevada","Mineral County","3068","12","Vote Center","Yes","DREs with VVPAT for all voters","DRE",
"3202300000","Nevada","Nye County","33267","34","Vote Center","Yes","Hand marked paper ballots and DREs with VVPAT","Optical Scan and DRE",
"3202700000","Nevada","Pershing County","3201","6","Vote Center","Yes","DREs with VVPAT for all voters","DRE",
"3202900000","Nevada","Storey County","3517","11","Vote Center","Yes","DREs with VVPAT for all voters","DRE",
"3203100000","Nevada","Washoe County","300337","494","Vote Center","Yes","DREs with VVPAT for all voters","DRE",
"3203300000","Nevada","White Pine County","5144","10","Vote Center","Yes","DREs with VVPAT for all voters","DRE",
"3300101060","New Hampshire","Town of Alton (Belknap County)","4387","1","Assigned Polling Place","No","Hand marked paper ballots and BMDs","Hand Count and Optical Scan",
"3300103220","New Hampshire","Town of Barnstead (Belknap County)","3313","1","Assigned Polling Place","No","Hand marked paper ballots and BMDs","Hand Count and Optical Scan",
"3300104740","New Hampshire","Town of Belmont (Belknap County)","4557","1","Assigned Polling Place","No","Hand marked paper ballots and BMDs","Hand Count and Optical Scan",
"3300110660","New Hampshire","Town of Center Harbor (Belknap County)","822","1","Assigned Polling Place","No","Hand marked paper ballots and BMDs","Hand Count and Optical Scan",
"3300128740","New Hampshire","Town of Gilford (Belknap County)","6013","1","Assigned Polling Place","No","Hand marked paper ballots and BMDs","Hand Count and Optical Scan",
"3300128980","New Hampshire","Town of Gilmanton (Belknap County)","2842","1","Assigned Polling Place","No","Hand marked paper ballots and BMDs","Hand Count and Optical Scan",
"3300140180","New Hampshire","City of Laconia (Belknap County)","10210","6","Assigned Polling Place","No","Hand marked paper ballots and BMDs","Hand Count and Optical Scan",
"3300147140","New Hampshire","Town of Meredith (Belknap County)","5037","1","Assigned Polling Place","No","Hand marked paper ballots and BMDs","Hand Count and Optical Scan",
"3300151540","New Hampshire","Town of New Hampton (Belknap County)","1750","1","Assigned Polling Place","No","Hand marked paper ballots and BMDs","Hand Count and Optical Scan",
"3300167300","New Hampshire","Town of Sanbornton (Belknap County)","2336","1","Assigned Polling Place","No","Hand marked paper ballots and BMDs","Hand Count and Optical Scan",
"3300177060","New Hampshire","Town of Tilton (Belknap County)","2328","1","Assigned Polling Place","No","Hand marked paper ballots and BMDs","Hand Count and Optical Scan",
"3300300420","New Hampshire","Town of Albany (Carroll County)","511","1","Assigned Polling Place","No","Hand marked paper ballots and BMDs","Hand Count and Optical Scan",
"3300303700","New Hampshire","Town of Bartlett (Carroll County)","2548","1","Assigned Polling Place","No","Hand marked paper ballots and BMDs","Hand Count and Optical Scan",
"3300307940","New Hampshire","Town of Brookfield (Carroll County)","609","1","Assigned Polling Place","No","Hand marked paper ballots and BMDs","Hand Count and Optical Scan",
"3300311780","New Hampshire","Town of Chatham (Carroll County)","261","1","Assigned Polling Place","No","Hand marked paper ballots and BMDs","Hand Count and Optical Scan",
"3300314660","New Hampshire","Town of Conway (Carroll County)","6778","1","Assigned Polling Place","No","Hand marked paper ballots and BMDs","Hand Count and Optical Scan",
"3300323380","New Hampshire","Town of Eaton (Carroll County)","351","1","Assigned Polling Place","No","Hand marked paper ballots and BMDs","Hand Count and Optical Scan",
"3300323620","New Hampshire","Town of Effingham (Carroll County)","1088","1","Assigned Polling Place","No","Hand marked paper ballots and BMDs","Hand Count and Optical Scan",
"3300327700","New Hampshire","Town of Freedom (Carroll County)","1270","1","Assigned Polling Place","No","Hand marked paper ballots and BMDs","Hand Count and Optical Scan",
"3300332500","New Hampshire","Town of Hale's Location (Carroll County)","144","1","Assigned Polling Place","No","Hand marked paper ballots and BMDs","Hand Count and Optical Scan",
"3300334500","New Hampshire","Town of Hart's Location (Carroll County)","49","1","Assigned Polling Place","No","Hand marked paper ballots and BMDs","Hand Count and Optical Scan",
"3300338260","New Hampshire","Town of Jackson (Carroll County)","909","1","Assigned Polling Place","No","Hand marked paper ballots and BMDs","Hand Count and Optical Scan",
"3300345060","New Hampshire","Town of Madison (Carroll County)","1942","1","Assigned Polling Place","No","Hand marked paper ballots and BMDs","Hand Count and Optical Scan",
"3300349380","New Hampshire","Town of Moultonborough (Carroll County)","4250","1","Assigned Polling Place","No","Hand marked paper ballots and BMDs","Hand Count and Optical Scan",
"3300358740","New Hampshire","Town of Ossipee (Carroll County)","2981","1","Assigned Polling Place","No","Hand marked paper ballots and BMDs","Hand Count and Optical Scan",
"3300367780","New Hampshire","Town of Sandwich (Carroll County)","1239","1","Assigned Polling Place","No","Hand marked paper ballots and BMDs","Hand Count and Optical Scan",
"3300376100","New Hampshire","Town of Tamworth (Carroll County)","2030","1","Assigned Polling Place","No","Hand marked paper ballots and BMDs","Hand Count and Optical Scan",
"3300377620","New Hampshire","Town of Tuftonboro (Carroll County)","2041","1","Assigned Polling Place","No","Hand marked paper ballots and BMDs","Hand Count and Optical Scan",
"3300378180","New Hampshire","Town of Wakefield (Carroll County)","3903","1","Assigned Polling Place","No","Hand marked paper ballots and BMDs","Hand Count and Optical Scan",
"3300386420","New Hampshire","Town of Wolfeboro (Carroll County)","5423","1","Assigned Polling Place","No","Hand marked paper ballots and BMDs","Hand Count and Optical Scan",
"3300500820","New Hampshire","Town of Alstead (Cheshire County)","1299","1","Assigned Polling Place","No","Hand marked paper ballots and BMDs","Hand Count and Optical Scan",
"3300512260","New Hampshire","Town of Chesterfield (Cheshire County)","2706","1","Assigned Polling Place","No","Hand marked paper ballots and BMDs","Hand Count and Optical Scan",
"3300519140","New Hampshire","Town of Dublin (Cheshire County)","1242","1","Assigned Polling Place","No","Hand marked paper ballots and BMDs","Hand Count and Optical Scan",
"3300526500","New Hampshire","Town of Fitzwilliam (Cheshire County)","1632","1","Assigned Polling Place","No","Hand marked paper ballots and BMDs","Hand Count and Optical Scan",
"3300529220","New Hampshire","Town of Gilsum (Cheshire County)","589","1","Assigned Polling Place","No","Hand marked paper ballots and BMDs","Hand Count and Optical Scan",
"3300534420","New Hampshire","Town of Harrisville (Cheshire County)","834","1","Assigned Polling Place","No","Hand marked paper ballots and BMDs","Hand Count and Optical Scan",
"3300536660","New Hampshire","Town of Hinsdale (Cheshire County)","2145","1","Assigned Polling Place","No","Hand marked paper ballots and BMDs","Hand Count and Optical Scan",
"3300538500","New Hampshire","Town of Jaffrey (Cheshire County)","3511","1","Assigned Polling Place","No","Hand marked paper ballots and BMDs","Hand Count and Optical Scan",
"3300539300","New Hampshire","City of Keene (Cheshire County)","15222","5","Assigned Polling Place","No","Hand marked paper ballots and BMDs","Hand Count and Optical Scan",
"3300545460","New Hampshire","Town of Marlborough (Cheshire County)","1415","1","Assigned Polling Place","No","Hand marked paper ballots and BMDs","Hand Count and Optical Scan",
"3300545700","New Hampshire","Town of Marlow (Cheshire County)","558","1","Assigned Polling Place","No","Hand marked paper ballots and BMDs","Hand Count and Optical Scan",
"3300550580","New Hampshire","Town of Nelson (Cheshire County)","470","1","Assigned Polling Place","No","Hand marked paper ballots and BMDs","Hand Count and Optical Scan",
"3300564420","New Hampshire","Town of Richmond (Cheshire County)","783","1","Assigned Polling Place","No","Hand marked paper ballots and BMDs","Hand Count and Optical Scan",
"3300564580","New Hampshire","Town of Rindge (Cheshire County)","4326","1","Assigned Polling Place","No","Hand marked paper ballots and BMDs","Hand Count and Optical Scan",
"3300565700","New Hampshire","Town of Roxbury (Cheshire County)","156","1","Assigned Polling Place","No","Hand marked paper ballots and BMDs","Hand Count and Optical Scan",
"3300573700","New Hampshire","Town of Stoddard (Cheshire County)","998","1","Assigned Polling Place","No","Hand marked paper ballots and BMDs","Hand Count and Optical Scan",
"3300574900","New Hampshire","Town of Sullivan (Cheshire County)","427","1","Assigned Polling Place","No","Hand marked paper ballots and BMDs","Hand Count and Optical Scan",
"3300575300","New Hampshire","Town of Surry (Cheshire County)","616","1","Assigned Polling Place","No","Hand marked paper ballots and BMDs","Hand Count and Optical Scan",
"3300575700","New Hampshire","Town of Swanzey (Cheshire County)","4344","1","Assigned Polling Place","No","Hand marked paper ballots and BMDs","Hand Count and Optical Scan",
"3300577380","New Hampshire","Town of Troy (Cheshire County)","1364","1","Assigned Polling Place","No","Hand marked paper ballots and BMDs","Hand Count and Optical Scan",
"3300578420","New Hampshire","Town of Walpole (Cheshire County)","2585","2","Assigned Polling Place","No","Hand marked paper ballots and BMDs","Hand Count and Optical Scan",
"3300582660","New Hampshire","Town of Westmoreland (Cheshire County)","1215","1","Assigned Polling Place","No","Hand marked paper ballots and BMDs","Hand Count and Optical Scan",
"3300585540","New Hampshire","Town of Winchester (Cheshire County)","2329","1","Assigned Polling Place","No","Hand marked paper ballots and BMDs","Hand Count and Optical Scan",
"3300705140","New Hampshire","City of Berlin (Coos County)","4607","4","Assigned Polling Place","No","Hand marked paper ballots and BMDs","Hand Count and Optical Scan",
"3300710100","New Hampshire","Town of Carroll (Coos County)","605","1","Assigned Polling Place","No","Hand marked paper ballots and BMDs","Hand Count and Optical Scan",
"3300713220","New Hampshire","Town of Clarksville (Coos County)","196","1","Assigned Polling Place","No","Hand marked paper ballots and BMDs","Hand Count and Optical Scan",
"3300713780","New Hampshire","Town of Colebrook (Coos County)","1266","1","Assigned Polling Place","No","Hand marked paper ballots and BMDs","Hand Count and Optical Scan",
"3300713940","New Hampshire","Town of Columbia (Coos County)","413","1","Assigned Polling Place","No","Hand marked paper ballots and BMDs","Hand Count and Optical Scan",
"3300716820","New Hampshire","Town of Dalton (Coos County)","692","1","Assigned Polling Place","No","Hand marked paper ballots and BMDs","Hand Count and Optical Scan",
"3300718420","New Hampshire","Town of Dixville (Coos County)","5","1","Assigned Polling Place","No","Hand marked paper ballots and BMDs","Hand Count and Optical Scan",
"3300719300","New Hampshire","Town of Dummer (Coos County)","205","1","Assigned Polling Place","No","Hand marked paper ballots and BMDs","Hand Count and Optical Scan",
"3300725140","New Hampshire","Town of Errol (Coos County)","260","1","Assigned Polling Place","No","Hand marked paper ballots and BMDs","Hand Count and Optical Scan",
"3300730260","New Hampshire","Town of Gorham (Coos County)","1860","1","Assigned Polling Place","No","Hand marked paper ballots and BMDs","Hand Count and Optical Scan",
"3300738820","New Hampshire","Town of Jefferson (Coos County)","725","1","Assigned Polling Place","No","Hand marked paper ballots and BMDs","Hand Count and Optical Scan",
"3300740420","New Hampshire","Town of Lancaster (Coos County)","1935","1","Assigned Polling Place","No","Hand marked paper ballots and BMDs","Hand Count and Optical Scan",
"3300747860","New Hampshire","Town of Milan (Coos County)","852","1","Assigned Polling Place","No","Hand marked paper ballots and BMDs","Hand Count and Optical Scan",
"3300748260","New Hampshire","Town of Millsfield (Coos County)","22","1","Assigned Polling Place","No","Hand marked paper ballots and BMDs","Hand Count and Optical Scan",
"3300756100","New Hampshire","Town of Northumberland (Coos County)","1193","1","Assigned Polling Place","No","Hand marked paper ballots and BMDs","Hand Count and Optical Scan",
"3300761780","New Hampshire","Town of Pittsburg (Coos County)","649","1","Assigned Polling Place","No","Hand marked paper ballots and BMDs","Hand Count and Optical Scan",
"3300763860","New Hampshire","Town of Randolph (Coos County)","280","1","Assigned Polling Place","No","Hand marked paper ballots and BMDs","Hand Count and Optical Scan",
"3300768980","New Hampshire","Town of Shelburne (Coos County)","311","1","Assigned Polling Place","No","Hand marked paper ballots and BMDs","Hand Count and Optical Scan",
"3300773060","New Hampshire","Town of Stark (Coos County)","348","1","Assigned Polling Place","No","Hand marked paper ballots and BMDs","Hand Count and Optical Scan",
"3300773380","New Hampshire","Town of Stewartstown (Coos County)","488","1","Assigned Polling Place","No","Hand marked paper ballots and BMDs","Hand Count and Optical Scan",
"3300774180","New Hampshire","Town of Stratford (Coos County)","358","1","Assigned Polling Place","No","Hand marked paper ballots and BMDs","Hand Count and Optical Scan",
"3300780740","New Hampshire","Town of Wentworth's Location (Coos County)","22","1","Assigned Polling Place","No","Hand marked paper ballots and BMDs","Hand Count and Optical Scan",
"3300784420","New Hampshire","Town of Whitefield (Coos County)","1511","1","Assigned Polling Place","No","Hand marked paper ballots and BMDs","Hand Count and Optical Scan",
"3300900580","New Hampshire","Town of Alexandria (Grafton County)","1237","1","Assigned Polling Place","No","Hand marked paper ballots and BMDs","Hand Count and Optical Scan",
"3300902020","New Hampshire","Town of Ashland (Grafton County)","1411","1","Assigned Polling Place","No","Hand marked paper ballots and BMDs","Hand Count and Optical Scan",
"3300903940","New Hampshire","Town of Bath (Grafton County)","674","1","Assigned Polling Place","No","Hand marked paper ballots and BMDs","Hand Count and Optical Scan",
"3300905060","New Hampshire","Town of Benton (Grafton County)","256","1","Assigned Polling Place","No","Hand marked paper ballots and BMDs","Hand Count and Optical Scan",
"3300905460","New Hampshire","Town of Bethlehem (Grafton County)","2010","1","Assigned Polling Place","No","Hand marked paper ballots and BMDs","Hand Count and Optical Scan",
"3300907540","New Hampshire","Town of Bridgewater (Grafton County)","973","1","Assigned Polling Place","No","Hand marked paper ballots and BMDs","Hand Count and Optical Scan",
"3300907700","New Hampshire","Town of Bristol (Grafton County)","2176","1","Assigned Polling Place","No","Hand marked paper ballots and BMDs","Hand Count and Optical Scan",
"3300908660","New Hampshire","Town of Campton (Grafton County)","2424","1","Assigned Polling Place","No","Hand marked paper ballots and BMDs","Hand Count and Optical Scan",
"3300908980","New Hampshire","Town of Canaan (Grafton County)","2424","1","Assigned Polling Place","No","Hand marked paper ballots and BMDs","Hand Count and Optical Scan",
"3300918740","New Hampshire","Town of Dorchester (Grafton County)","270","1","Assigned Polling Place","No","Hand marked paper ballots and BMDs","Hand Count and Optical Scan",
"3300922020","New Hampshire","Town of Easton (Grafton County)","246","1","Assigned Polling Place","No","Hand marked paper ballots and BMDs","Hand Count and Optical Scan",
"3300923860","New Hampshire","Town of Ellsworth (Grafton County)","75","1","Assigned Polling Place","No","Hand marked paper ballots and BMDs","Hand Count and Optical Scan",
"3300924340","New Hampshire","Town of Enfield (Grafton County)","3184","1","Assigned Polling Place","No","Hand marked paper ballots and BMDs","Hand Count and Optical Scan",
"3300927300","New Hampshire","Town of Franconia (Grafton County)","921","1","Assigned Polling Place","No","Hand marked paper ballots and BMDs","Hand Count and Optical Scan",
"3300930820","New Hampshire","Town of Grafton (Grafton County)","895","1","Assigned Polling Place","No","Hand marked paper ballots and BMDs","Hand Count and Optical Scan",
"3300932180","New Hampshire","Town of Groton (Grafton County)","424","1","Assigned Polling Place","No","Hand marked paper ballots and BMDs","Hand Count and Optical Scan",
"3300933860","New Hampshire","Town of Hanover (Grafton County)","8643","1","Assigned Polling Place","No","Hand marked paper ballots and BMDs","Hand Count and Optical Scan",
"3300934820","New Hampshire","Town of Haverhill (Grafton County)","2574","1","Assigned Polling Place","No","Hand marked paper ballots and BMDs","Hand Count and Optical Scan",
"3300935220","New Hampshire","Town of Hebron (Grafton County)","567","1","Assigned Polling Place","No","Hand marked paper ballots and BMDs","Hand Count and Optical Scan",
"3300936900","New Hampshire","Town of Holderness (Grafton County)","1638","1","Assigned Polling Place","No","Hand marked paper ballots and BMDs","Hand Count and Optical Scan",
"3300940660","New Hampshire","Town of Landaff (Grafton County)","302","1","Assigned Polling Place","No","Hand marked paper ballots and BMDs","Hand Count and Optical Scan",
"3300941300","New Hampshire","City of Lebanon (Grafton County)","10043","3","Assigned Polling Place","No","Hand marked paper ballots and BMDs","Hand Count and Optical Scan",
"3300941860","New Hampshire","Town of Lincoln (Grafton County)","1101","1","Assigned Polling Place","No","Hand marked paper ballots and BMDs","Hand Count and Optical Scan",
"3300942020","New Hampshire","Town of Lisbon (Grafton County)","906","1","Assigned Polling Place","No","Hand marked paper ballots and BMDs","Hand Count and Optical Scan",
"3300942580","New Hampshire","Town of Littleton (Grafton County)","3629","1","Assigned Polling Place","No","Hand marked paper ballots and BMDs","Hand Count and Optical Scan",
"3300944100","New Hampshire","Town of Lyman (Grafton County)","417","1","Assigned Polling Place","No","Hand marked paper ballots and BMDs","Hand Count and Optical Scan",
"3300944260","New Hampshire","Town of Lyme (Grafton County)","1481","1","Assigned Polling Place","No","Hand marked paper ballots and BMDs","Hand Count and Optical Scan",
"3300948980","New Hampshire","Town of Monroe (Grafton County)","602","1","Assigned Polling Place","No","Hand marked paper ballots and BMDs","Hand Count and Optical Scan",
"3300958340","New Hampshire","Town of Orange (Grafton County)","207","1","Assigned Polling Place","No","Hand marked paper ballots and BMDs","Hand Count and Optical Scan",
"3300958500","New Hampshire","Town of Orford (Grafton County)","870","1","Assigned Polling Place","No","Hand marked paper ballots and BMDs","Hand Count and Optical Scan",
"3300961060","New Hampshire","Town of Piermont (Grafton County)","501","1","Assigned Polling Place","No","Hand marked paper ballots and BMDs","Hand Count and Optical Scan",
"3300962660","New Hampshire","Town of Plymouth (Grafton County)","4413","1","Assigned Polling Place","No","Hand marked paper ballots and BMDs","Hand Count and Optical Scan",
"3300965940","New Hampshire","Town of Rumney (Grafton County)","1091","1","Assigned Polling Place","No","Hand marked paper ballots and BMDs","Hand Count and Optical Scan",
"3300974740","New Hampshire","Town of Sugar Hill (Grafton County)","503","1","Assigned Polling Place","No","Hand marked paper ballots and BMDs","Hand Count and Optical Scan",
"3300976740","New Hampshire","Town of Thornton (Grafton County)","1998","1","Assigned Polling Place","No","Hand marked paper ballots and BMDs","Hand Count and Optical Scan",
"3300978740","New Hampshire","Town of Warren (Grafton County)","536","1","Assigned Polling Place","No","Hand marked paper ballots and BMDs","Hand Count and Optical Scan",
"3300979380","New Hampshire","Town of Waterville Valley (Grafton County)","482","1","Assigned Polling Place","No","Hand marked paper ballots and BMDs","Hand Count and Optical Scan",
"3300980500","New Hampshire","Town of Wentworth (Grafton County)","680","1","Assigned Polling Place","No","Hand marked paper ballots and BMDs","Hand Count and Optical Scan",
"3300987060","New Hampshire","Town of Woodstock (Grafton County)","894","1","Assigned Polling Place","No","Hand marked paper ballots and BMDs","Hand Count and Optical Scan",
"3301101300","New Hampshire","Town of Amherst (Hillsborough County)","8643","1","Assigned Polling Place","No","Hand marked paper ballots and BMDs","Hand Count and Optical Scan",
"3301101700","New Hampshire","Town of Antrim (Hillsborough County)","1781","1","Assigned Polling Place","No","Hand marked paper ballots and BMDs","Hand Count and Optical Scan",
"3301104500","New Hampshire","Town of Bedford (Hillsborough County)","16336","1","Assigned Polling Place","No","Hand marked paper ballots and BMDs","Hand Count and Optical Scan",
"3301104900","New Hampshire","Town of Bennington (Hillsborough County)","963","1","Assigned Polling Place","No","Hand marked paper ballots and BMDs","Hand Count and Optical Scan",
"3301108100","New Hampshire","Town of Brookline (Hillsborough County)","4004","1","Assigned Polling Place","No","Hand marked paper ballots and BMDs","Hand Count and Optical Scan",
"3301117780","New Hampshire","Town of Deering (Hillsborough County)","1223","1","Assigned Polling Place","No","Hand marked paper ballots and BMDs","Hand Count and Optical Scan",
"3301127140","New Hampshire","Town of Francestown (Hillsborough County)","1216","1","Assigned Polling Place","No","Hand marked paper ballots and BMDs","Hand Count and Optical Scan",
"3301129860","New Hampshire","Town of Goffstown (Hillsborough County)","11204","2","Assigned Polling Place","No","Hand marked paper ballots and BMDs","Hand Count and Optical Scan",
"3301131540","New Hampshire","Town of Greenfield (Hillsborough County)","1067","1","Assigned Polling Place","No","Hand marked paper ballots and BMDs","Hand Count and Optical Scan",
"3301131940","New Hampshire","Town of Greenville (Hillsborough County)","1177","1","Assigned Polling Place","No","Hand marked paper ballots and BMDs","Hand Count and Optical Scan",
"3301133700","New Hampshire","Town of Hancock (Hillsborough County)","1425","1","Assigned Polling Place","No","Hand marked paper ballots and BMDs","Hand Count and Optical Scan",
"3301136180","New Hampshire","Town of Hillsborough (Hillsborough County)","3698","1","Assigned Polling Place","No","Hand marked paper ballots and BMDs","Hand Count and Optical Scan",
"3301137140","New Hampshire","Town of Hollis (Hillsborough County)","6459","1","Assigned Polling Place","No","Hand marked paper ballots and BMDs","Hand Count and Optical Scan",
"3301137940","New Hampshire","Town of Hudson (Hillsborough County)","16105","2","Assigned Polling Place","No","Hand marked paper ballots and BMDs","Hand Count and Optical Scan",
"3301142260","New Hampshire","Town of Litchfield (Hillsborough County)","6029","1","Assigned Polling Place","No","Hand marked paper ballots and BMDs","Hand Count and Optical Scan",
"3301144580","New Hampshire","Town of Lyndeborough (Hillsborough County)","1242","1","Assigned Polling Place","No","Hand marked paper ballots and BMDs","Hand Count and Optical Scan",
"3301145140","New Hampshire","City of Manchester (Hillsborough County)","60558","12","Assigned Polling Place","No","Hand marked paper ballots and BMDs","Hand Count and Optical Scan",
"3301146260","New Hampshire","Town of Mason (Hillsborough County)","1043","1","Assigned Polling Place","No","Hand marked paper ballots and BMDs","Hand Count and Optical Scan",
"3301147540","New Hampshire","Town of Merrimack (Hillsborough County)","18448","3","Assigned Polling Place","No","Hand marked paper ballots and BMDs","Hand Count and Optical Scan",
"3301148020","New Hampshire","Town of Milford (Hillsborough County)","10398","1","Assigned Polling Place","No","Hand marked paper ballots and BMDs","Hand Count and Optical Scan",
"3301149140","New Hampshire","Town of Mont Vernon (Hillsborough County)","1953","1","Assigned Polling Place","No","Hand marked paper ballots and BMDs","Hand Count and Optical Scan",
"3301150260","New Hampshire","City of Nashua (Hillsborough County)","50757","9","Assigned Polling Place","No","Hand marked paper ballots and BMDs","Hand Count and Optical Scan",
"3301150740","New Hampshire","Town of New Boston (Hillsborough County)","4353","1","Assigned Polling Place","No","Hand marked paper ballots and BMDs","Hand Count and Optical Scan",
"3301151940","New Hampshire","Town of New Ipswich (Hillsborough County)","3509","1","Assigned Polling Place","No","Hand marked paper ballots and BMDs","Hand Count and Optical Scan",
"3301159940","New Hampshire","Town of Pelham (Hillsborough County)","9860","1","Assigned Polling Place","No","Hand marked paper ballots and BMDs","Hand Count and Optical Scan",
"3301160580","New Hampshire","Town of Peterborough (Hillsborough County)","5071","1","Assigned Polling Place","No","Hand marked paper ballots and BMDs","Hand Count and Optical Scan",
"3301168820","New Hampshire","Town of Sharon (Hillsborough County)","307","1","Assigned Polling Place","No","Hand marked paper ballots and BMDs","Hand Count and Optical Scan",
"3301176260","New Hampshire","Town of Temple (Hillsborough County)","1062","1","Assigned Polling Place","No","Hand marked paper ballots and BMDs","Hand Count and Optical Scan",
"3301179780","New Hampshire","Town of Weare (Hillsborough County)","6044","1","Assigned Polling Place","No","Hand marked paper ballots and BMDs","Hand Count and Optical Scan",
"3301185220","New Hampshire","Town of Wilton (Hillsborough County)","2727","1","Assigned Polling Place","No","Hand marked paper ballots and BMDs","Hand Count and Optical Scan",
"3301185940","New Hampshire","Town of Windsor (Hillsborough County)","146","1","Assigned Polling Place","No","Hand marked paper ballots and BMDs","Hand Count and Optical Scan",
"3301300660","New Hampshire","Town of Allenstown (Merrimack County)","2645","1","Assigned Polling Place","No","Hand marked paper ballots and BMDs","Hand Count and Optical Scan",
"3301301460","New Hampshire","Town of Andover (Merrimack County)","1779","1","Assigned Polling Place","No","Hand marked paper ballots and BMDs","Hand Count and Optical Scan",
"3301306260","New Hampshire","Town of Boscawen (Merrimack County)","2274","1","Assigned Polling Place","No","Hand marked paper ballots and BMDs","Hand Count and Optical Scan",
"3301306500","New Hampshire","Town of Bow (Merrimack County)","6198","1","Assigned Polling Place","No","Hand marked paper ballots and BMDs","Hand Count and Optical Scan",
"3301306980","New Hampshire","Town of Bradford (Merrimack County)","1204","1","Assigned Polling Place","No","Hand marked paper ballots and BMDs","Hand Count and Optical Scan",
"3301309860","New Hampshire","Town of Canterbury (Merrimack County)","1909","1","Assigned Polling Place","No","Hand marked paper ballots and BMDs","Hand Count and Optical Scan",
"3301312420","New Hampshire","Town of Chichester (Merrimack County)","1929","1","Assigned Polling Place","No","Hand marked paper ballots and BMDs","Hand Count and Optical Scan",
"3301314200","New Hampshire","City of Concord (Merrimack County)","27057","10","Assigned Polling Place","No","Hand marked paper ballots and BMDs","Hand Count and Optical Scan",
"3301316980","New Hampshire","Town of Danbury (Merrimack County)","839","1","Assigned Polling Place","No","Hand marked paper ballots and BMDs","Hand Count and Optical Scan",
"3301319460","New Hampshire","Town of Dunbarton (Merrimack County)","2233","1","Assigned Polling Place","No","Hand marked paper ballots and BMDs","Hand Count and Optical Scan",
"3301324900","New Hampshire","Town of Epsom (Merrimack County)","3183","1","Assigned Polling Place","No","Hand marked paper ballots and BMDs","Hand Count and Optical Scan",
"3301327380","New Hampshire","City of Franklin (Merrimack County)","4708","3","Assigned Polling Place","No","Hand marked paper ballots and BMDs","Hand Count and Optical Scan",
"3301335540","New Hampshire","Town of Henniker (Merrimack County)","3110","1","Assigned Polling Place","No","Hand marked paper ballots and BMDs","Hand Count and Optical Scan",
"3301335860","New Hampshire","Town of Hill (Merrimack County)","725","1","Assigned Polling Place","No","Hand marked paper ballots and BMDs","Hand Count and Optical Scan",
"3301337300","New Hampshire","Town of Hooksett (Merrimack County)","9700","6","Assigned Polling Place","No","Hand marked paper ballots and BMDs","Hand Count and Optical Scan",
"3301337540","New Hampshire","Town of Hopkinton (Merrimack County)","4616","1","Assigned Polling Place","No","Hand marked paper ballots and BMDs","Hand Count and Optical Scan",
"3301343380","New Hampshire","Town of Loudon (Merrimack County)","4023","1","Assigned Polling Place","No","Hand marked paper ballots and BMDs","Hand Count and Optical Scan",
"3301352100","New Hampshire","Town of New London (Merrimack County)","3652","1","Assigned Polling Place","No","Hand marked paper ballots and BMDs","Hand Count and Optical Scan",
"3301350900","New Hampshire","Town of Newbury (Merrimack County)","1828","1","Assigned Polling Place","No","Hand marked paper ballots and BMDs","Hand Count and Optical Scan",
"3301354260","New Hampshire","Town of Northfield (Merrimack County)","2923","1","Assigned Polling Place","No","Hand marked paper ballots and BMDs","Hand Count and Optical Scan",
"3301360020","New Hampshire","Town of Pembroke (Merrimack County)","4816","1","Assigned Polling Place","No","Hand marked paper ballots and BMDs","Hand Count and Optical Scan",
"3301361940","New Hampshire","Town of Pittsfield (Merrimack County)","2570","1","Assigned Polling Place","No","Hand marked paper ballots and BMDs","Hand Count and Optical Scan",
"3301366980","New Hampshire","Town of Salisbury (Merrimack County)","1055","1","Assigned Polling Place","No","Hand marked paper ballots and BMDs","Hand Count and Optical Scan",
"3301375460","New Hampshire","Town of Sutton (Merrimack County)","1549","1","Assigned Polling Place","No","Hand marked paper ballots and BMDs","Hand Count and Optical Scan",
"3301378580","New Hampshire","Town of Warner (Merrimack County)","2135","1","Assigned Polling Place","No","Hand marked paper ballots and BMDs","Hand Count and Optical Scan",
"3301380020","New Hampshire","Town of Webster (Merrimack County)","1317","1","Assigned Polling Place","No","Hand marked paper ballots and BMDs","Hand Count and Optical Scan",
"3301384900","New Hampshire","Town of Wilmot (Merrimack County)","1108","1","Assigned Polling Place","No","Hand marked paper ballots and BMDs","Hand Count and Optical Scan",
"3301502340","New Hampshire","Town of Atkinson (Rockingham County)","5605","1","Assigned Polling Place","No","Hand marked paper ballots and BMDs","Hand Count and Optical Scan",
"3301502820","New Hampshire","Town of Auburn (Rockingham County)","4298","1","Assigned Polling Place","No","Hand marked paper ballots and BMDs","Hand Count and Optical Scan",
"3301507220","New Hampshire","Town of Brentwood (Rockingham County)","3281","1","Assigned Polling Place","No","Hand marked paper ballots and BMDs","Hand Count and Optical Scan",
"3301509300","New Hampshire","Town of Candia (Rockingham County)","2974","1","Assigned Polling Place","No","Hand marked paper ballots and BMDs","Hand Count and Optical Scan",
"3301512100","New Hampshire","Town of Chester (Rockingham County)","3832","1","Assigned Polling Place","No","Hand marked paper ballots and BMDs","Hand Count and Optical Scan",
"3301517140","New Hampshire","Town of Danville (Rockingham County)","3123","1","Assigned Polling Place","No","Hand marked paper ballots and BMDs","Hand Count and Optical Scan",
"3301517460","New Hampshire","Town of Deerfield (Rockingham County)","3518","1","Assigned Polling Place","No","Hand marked paper ballots and BMDs","Hand Count and Optical Scan",
"3301517940","New Hampshire","Town of Derry (Rockingham County)","19735","4","Assigned Polling Place","No","Hand marked paper ballots and BMDs","Hand Count and Optical Scan",
"3301521380","New Hampshire","Town of East Kingston (Rockingham County)","1753","1","Assigned Polling Place","No","Hand marked paper ballots and BMDs","Hand Count and Optical Scan",
"3301524660","New Hampshire","Town of Epping (Rockingham County)","5050","1","Assigned Polling Place","No","Hand marked paper ballots and BMDs","Hand Count and Optical Scan",
"3301525380","New Hampshire","Town of Exeter (Rockingham County)","11894","1","Assigned Polling Place","No","Hand marked paper ballots and BMDs","Hand Count and Optical Scan",
"3301527940","New Hampshire","Town of Fremont (Rockingham County)","3307","1","Assigned Polling Place","No","Hand marked paper ballots and BMDs","Hand Count and Optical Scan",
"3301531700","New Hampshire","Town of Greenland (Rockingham County)","3165","1","Assigned Polling Place","No","Hand marked paper ballots and BMDs","Hand Count and Optical Scan",
"3301532900","New Hampshire","Town of Hampstead (Rockingham County)","6400","1","Assigned Polling Place","No","Hand marked paper ballots and BMDs","Hand Count and Optical Scan",
"3301533060","New Hampshire","Town of Hampton (Rockingham County)","12991","1","Assigned Polling Place","No","Hand marked paper ballots and BMDs","Hand Count and Optical Scan",
"3301533460","New Hampshire","Town of Hampton Falls (Rockingham County)","1764","1","Assigned Polling Place","No","Hand marked paper ballots and BMDs","Hand Count and Optical Scan",
"3301539780","New Hampshire","Town of Kensington (Rockingham County)","1702","1","Assigned Polling Place","No","Hand marked paper ballots and BMDs","Hand Count and Optical Scan",
"3301540100","New Hampshire","Town of Kingston (Rockingham County)","4535","1","Assigned Polling Place","No","Hand marked paper ballots and BMDs","Hand Count and Optical Scan",
"3301543220","New Hampshire","Town of Londonderry (Rockingham County)","17709","1","Assigned Polling Place","No","Hand marked paper ballots and BMDs","Hand Count and Optical Scan",
"3301550980","New Hampshire","Town of New Castle (Rockingham County)","992","1","Assigned Polling Place","No","Hand marked paper ballots and BMDs","Hand Count and Optical Scan",
"3301551380","New Hampshire","Town of Newfields (Rockingham County)","1329","1","Assigned Polling Place","No","Hand marked paper ballots and BMDs","Hand Count and Optical Scan",
"3301551620","New Hampshire","Town of Newington (Rockingham County)","707","1","Assigned Polling Place","No","Hand marked paper ballots and BMDs","Hand Count and Optical Scan",
"3301552340","New Hampshire","Town of Newmarket (Rockingham County)","6839","1","Assigned Polling Place","No","Hand marked paper ballots and BMDs","Hand Count and Optical Scan",
"3301552900","New Hampshire","Town of Newton (Rockingham County)","3291","1","Assigned Polling Place","No","Hand marked paper ballots and BMDs","Hand Count and Optical Scan",
"3301554580","New Hampshire","Town of North Hampton (Rockingham County)","3801","1","Assigned Polling Place","No","Hand marked paper ballots and BMDs","Hand Count and Optical Scan",
"3301556820","New Hampshire","Town of Northwood (Rockingham County)","3237","1","Assigned Polling Place","No","Hand marked paper ballots and BMDs","Hand Count and Optical Scan",
"3301557460","New Hampshire","Town of Nottingham (Rockingham County)","3934","1","Assigned Polling Place","No","Hand marked paper ballots and BMDs","Hand Count and Optical Scan",
"3301562500","New Hampshire","Town of Plaistow (Rockingham County)","5026","1","Assigned Polling Place","No","Hand marked paper ballots and BMDs","Hand Count and Optical Scan",
"3301562900","New Hampshire","City of Portsmouth (Rockingham County)","17043","5","Assigned Polling Place","No","Hand marked paper ballots and BMDs","Hand Count and Optical Scan",
"3301564020","New Hampshire","Town of Raymond (Rockingham County)","6762","1","Assigned Polling Place","No","Hand marked paper ballots and BMDs","Hand Count and Optical Scan",
"3301566180","New Hampshire","Town of Rye (Rockingham County)","4986","1","Assigned Polling Place","No","Hand marked paper ballots and BMDs","Hand Count and Optical Scan",
"3301566660","New Hampshire","Town of Salem (Rockingham County)","19918","5","Assigned Polling Place","No","Hand marked paper ballots and BMDs","Hand Count and Optical Scan",
"3301567620","New Hampshire","Town of Sandown (Rockingham County)","4389","1","Assigned Polling Place","No","Hand marked paper ballots and BMDs","Hand Count and Optical Scan",
"3301568260","New Hampshire","Town of Seabrook (Rockingham County)","5561","1","Assigned Polling Place","No","Hand marked paper ballots and BMDs","Hand Count and Optical Scan",
"3301571140","New Hampshire","Town of South Hampton (Rockingham County)","702","1","Assigned Polling Place","No","Hand marked paper ballots and BMDs","Hand Count and Optical Scan",
"3301574340","New Hampshire","Town of Stratham (Rockingham County)","6164","1","Assigned Polling Place","No","Hand marked paper ballots and BMDs","Hand Count and Optical Scan",
"3301585780","New Hampshire","Town of Windham (Rockingham County)","10366","1","Assigned Polling Place","No","Hand marked paper ballots and BMDs","Hand Count and Optical Scan",
"3301703460","New Hampshire","Town of Barrington (Strafford County)","6708","1","Assigned Polling Place","No","Hand marked paper ballots and BMDs","Optical Scan",
"3301718820","New Hampshire","City of Dover (Strafford County)","21837","6","Assigned Polling Place","No","Hand marked paper ballots and BMDs","Optical Scan",
"3301719700","New Hampshire","Town of Durham (Strafford County)","10883","1","Assigned Polling Place","No","Hand marked paper ballots and BMDs","Optical Scan",
"3301726020","New Hampshire","Town of Farmington (Strafford County)","3863","1","Assigned Polling Place","No","Hand marked paper ballots and BMDs","Optical Scan",
"3301741460","New Hampshire","Town of Lee (Strafford County)","3283","1","Assigned Polling Place","No","Hand marked paper ballots and BMDs","Optical Scan",
"3301744820","New Hampshire","Town of Madbury (Strafford County)","1432","1","Assigned Polling Place","No","Hand marked paper ballots and BMDs","Optical Scan",
"3301747700","New Hampshire","Town of Middleton (Strafford County)","1218","1","Assigned Polling Place","No","Hand marked paper ballots and BMDs","Optical Scan",
"3301748660","New Hampshire","Town of Milton (Strafford County)","2935","1","Assigned Polling Place","No","Hand marked paper ballots and BMDs","Optical Scan",
"3301751220","New Hampshire","Town of New Durham (Strafford County)","2091","1","Assigned Polling Place","No","Hand marked paper ballots and BMDs","Optical Scan",
"3301765140","New Hampshire","City of Rochester (Strafford County)","18820","6","Assigned Polling Place","No","Hand marked paper ballots and BMDs","Optical Scan",
"3301765540","New Hampshire","Town of Rollinsford (Strafford County)","1960","1","Assigned Polling Place","No","Hand marked paper ballots and BMDs","Optical Scan",
"3301769940","New Hampshire","City of Somersworth (Strafford County)","6738","5","Assigned Polling Place","No","Hand marked paper ballots and BMDs","Optical Scan",
"3301773860","New Hampshire","Town of Strafford (Strafford County)","3185","1","Assigned Polling Place","No","Hand marked paper ballots and BMDs","Optical Scan",
"3301900260","New Hampshire","Town of Acworth (Sullivan County)","639","1","Assigned Polling Place","No","Hand marked paper ballots and BMDs","Hand Count and Optical Scan",
"3301911380","New Hampshire","Town of Charlestown (Sullivan County)","2893","1","Assigned Polling Place","No","Hand marked paper ballots and BMDs","Hand Count and Optical Scan",
"3301912900","New Hampshire","City of Claremont (Sullivan County)","6340","3","Assigned Polling Place","No","Hand marked paper ballots and BMDs","Hand Count and Optical Scan",
"3301915060","New Hampshire","Town of Cornish (Sullivan County)","1177","1","Assigned Polling Place","No","Hand marked paper ballots and BMDs","Hand Count and Optical Scan",
"3301916340","New Hampshire","Town of Croydon (Sullivan County)","654","1","Assigned Polling Place","No","Hand marked paper ballots and BMDs","Hand Count and Optical Scan",
"3301930500","New Hampshire","Town of Goshen (Sullivan County)","535","1","Assigned Polling Place","No","Hand marked paper ballots and BMDs","Hand Count and Optical Scan",
"3301931220","New Hampshire","Town of Grantham (Sullivan County)","2712","1","Assigned Polling Place","No","Hand marked paper ballots and BMDs","Hand Count and Optical Scan",
"3301940900","New Hampshire","Town of Langdon (Sullivan County)","457","1","Assigned Polling Place","No","Hand marked paper ballots and BMDs","Hand Count and Optical Scan",
"3301941700","New Hampshire","Town of Lempster (Sullivan County)","792","1","Assigned Polling Place","No","Hand marked paper ballots and BMDs","Hand Count and Optical Scan",
"3301952580","New Hampshire","Town of Newport (Sullivan County)","3623","1","Assigned Polling Place","No","Hand marked paper ballots and BMDs","Hand Count and Optical Scan",
"3301962340","New Hampshire","Town of Plainfield (Sullivan County)","1785","1","Assigned Polling Place","No","Hand marked paper ballots and BMDs","Hand Count and Optical Scan",
"3301972740","New Hampshire","Town of Springfield (Sullivan County)","977","1","Assigned Polling Place","No","Hand marked paper ballots and BMDs","Hand Count and Optical Scan",
"3301975060","New Hampshire","Town of Sunapee (Sullivan County)","2878","1","Assigned Polling Place","No","Hand marked paper ballots and BMDs","Hand Count and Optical Scan",
"3301977940","New Hampshire","Town of Unity (Sullivan County)","964","1","Assigned Polling Place","No","Hand marked paper ballots and BMDs","Hand Count and Optical Scan",
"3301978980","New Hampshire","Town of Washington (Sullivan County)","934","1","Assigned Polling Place","No","Hand marked paper ballots and BMDs","Hand Count and Optical Scan",
"3400100000","New Jersey","Atlantic County","182194","151","Assigned Polling Place","No","DREs without VVPAT for all voters","DRE",
"3400300000","New Jersey","Bergen County","616541","562","Assigned Polling Place","No","DREs without VVPAT for all voters","DRE",
"3400500000","New Jersey","Burlington County","327143","366","Assigned Polling Place","No","DREs without VVPAT for all voters","DRE",
"3400700000","New Jersey","Camden County","343125","343","Assigned Polling Place","No","DREs without VVPAT for all voters","DRE",
"3400900000","New Jersey","Cape May County","71642","127","Assigned Polling Place","No","Ballot Marking Devices for all voters","BMD/Tabulator",
"3401100000","New Jersey","Cumberland County","87684","92","Assigned Polling Place","No","Ballot Marking Devices for all voters","Optical Scan",
"3401300000","New Jersey","Essex County","507147","565","Assigned Polling Place","No","Hand marked paper ballots; Direct recording assistive interface without VVPAT for accessibility","Optical Scan, accessible interface records votes directly into optical scan tabulation",
"3401500000","New Jersey","Gloucester County","210371","229","Assigned Polling Place","No","Ballot Marking Devices for all voters","BMD/Tabulator",
"3401700000","New Jersey","Hudson County","379722","468","Assigned Polling Place","No","Ballot Marking Devices for all voters","BMD/Tabulator",
"3401900000","New Jersey","Hunterdon County","96777","116","Assigned Polling Place","No","Ballot Marking Devices for all voters","BMD/Tabulator",
"3402100000","New Jersey","Mercer County","232281","243","Assigned Polling Place","No","Hand marked paper ballots and BMDs","Optical Scan",
"3402300000","New Jersey","Middlesex County","530560","615","Assigned Polling Place","No","Ballot Marking Devices for all voters","BMD/Tabulator",
"3402500000","New Jersey","Monmouth County","463136","466","Assigned Polling Place","No","Ballot Marking Devices for all voters","BMD/Tabulator",
"3402700000","New Jersey","Morris County","357617","396","Assigned Polling Place","No","Ballot Marking Devices for all voters","BMD/Tabulator",
"3402900000","New Jersey","Ocean County","432187","414","Assigned Polling Place","No","DREs without VVPAT for all voters","DRE",
"3403100000","New Jersey","Passaic County","301663","283","Assigned Polling Place","No","Ballot Marking Devices for all voters","BMD/Tabulator",
"3403300000","New Jersey","Salem County","42811","43","Assigned Polling Place","No","DREs with VVPAT for all voters","DRE",
"3403500000","New Jersey","Somerset County","231599","267","Assigned Polling Place","No","Ballot Marking Devices for all voters","BMD/Tabulator",
"3403700000","New Jersey","Sussex County","106848","119","Assigned Polling Place","No","Ballot Marking Devices for all voters","Optical Scan",
"3403900000","New Jersey","Union County","336976","432","Assigned Polling Place","No","Ballot Marking Devices for all voters","BMD/Tabulator",
"3404100000","New Jersey","Warren County","76005","89","Assigned Polling Place","No","Ballot Marking Devices for all voters","BMD/Tabulator",
"3500100000","New Mexico","Bernalillo County","376468","687","Vote Center","No","Hand marked paper ballots and BMDs","Optical Scan",
"3500300000","New Mexico","Catron County","2944","9","Vote Center","No","Hand marked paper ballots and BMDs","Optical Scan",
"3500500000","New Mexico","Chaves County","30671","65","Vote Center","No","Hand marked paper ballots and BMDs","Optical Scan",
"3500600000","New Mexico","Cibola County","14731","30","Assigned Polling Place","No","Hand marked paper ballots and BMDs","Optical Scan",
"3500700000","New Mexico","Colfax County","7397","21","Vote Center","No","Hand marked paper ballots and BMDs","Optical Scan",
"3500900000","New Mexico","Curry County","20401","43","Vote Center","No","Hand marked paper ballots and BMDs","Optical Scan",
"3501100000","New Mexico","DeBaca County","1226","4","Vote Center","No","Hand marked paper ballots and BMDs","Optical Scan",
"3501300000","New Mexico","Dona Ana County","119172","190","Vote Center","No","Hand marked paper ballots and BMDs","Optical Scan",
"3501500000","New Mexico","Eddy County","30020","54","Vote Center","No","Hand marked paper ballots and BMDs","Optical Scan",
"3501700000","New Mexico","Grant County","19234","39","Vote Center","No","Hand marked paper ballots and BMDs","Optical Scan",
"3501900000","New Mexico","Guadalupe County","2752","5","Assigned Polling Place","No","Hand marked paper ballots and BMDs","Optical Scan",
"3502100000","New Mexico","Harding County","564","3","Vote Center","No","Hand marked paper ballots and BMDs","Optical Scan",
"3502300000","New Mexico","Hidalgo County","2609","6","Assigned Polling Place","No","Hand marked paper ballots and BMDs","Optical Scan",
"3502500000","New Mexico","Lea County","30816","55","Vote Center","No","Hand marked paper ballots and BMDs","Optical Scan",
"3502700000","New Mexico","Lincoln County","12494","29","Vote Center","No","Hand marked paper ballots and BMDs","Optical Scan",
"3502800000","New Mexico","Los Alamos County","14742","23","Vote Center","No","Hand marked paper ballots and BMDs","Optical Scan",
"3502900000","New Mexico","Luna County","11551","18","Vote Center","No","Hand marked paper ballots and BMDs","Optical Scan",
"3503100000","New Mexico","McKinley County","40365","71","Assigned Polling Place","No","Hand marked paper ballots and BMDs","Optical Scan",
"3503300000","New Mexico","Mora County","3716","11","Assigned Polling Place","No","Hand marked paper ballots and BMDs","Optical Scan",
"3503500000","New Mexico","Otero County","33005","66","Assigned Polling Place","No","Hand marked paper ballots and BMDs","Optical Scan",
"3503700000","New Mexico","Quay County","5240","12","Vote Center","No","Hand marked paper ballots and BMDs","Optical Scan",
"3503900000","New Mexico","Rio Arriba County","23861","48","Assigned Polling Place","No","Hand marked paper ballots and BMDs","Optical Scan",
"3504100000","New Mexico","Roosevelt County","9593","21","Vote Center","No","Hand marked paper ballots and BMDs","Optical Scan",
"3504500000","New Mexico","San Juan County","72505","103","Vote Center","No","Hand marked paper ballots and BMDs","Optical Scan",
"3504700000","New Mexico","San Miguel County","15806","34","Assigned Polling Place","No","Hand marked paper ballots and BMDs","Optical Scan",
"3504300000","New Mexico","Sandoval County","98826","157","Vote Center","No","Hand marked paper ballots and BMDs","Optical Scan",
"3504900000","New Mexico","Santa Fe County","102325","179","Vote Center","No","Hand marked paper ballots and BMDs","Optical Scan",
"3505100000","New Mexico","Sierra County","7097","12","Vote Center","No","Hand marked paper ballots and BMDs","Optical Scan",
"3505300000","New Mexico","Socorro County","9878","27","Vote Center","No","Hand marked paper ballots and BMDs","Optical Scan",
"3505500000","New Mexico","Taos County","24648","47","Assigned Polling Place","No","Hand marked paper ballots and BMDs","Optical Scan",
"3505700000","New Mexico","Torrance County","9657","22","Vote Center","No","Hand marked paper ballots and BMDs","Optical Scan",
"3505900000","New Mexico","Union County","2293","6","Vote Center","No","Hand marked paper ballots and BMDs","Optical Scan",
"3506100000","New Mexico","Valencia County","42289","66","Vote Center","No","Hand marked paper ballots and BMDs","Optical Scan",
"3600100000","New York","Albany County","198764","319","Assigned Polling Place","No","Hand marked paper ballots and BMDs","Optical Scan",
"3600300000","New York","Allegany County","26283","39","Assigned Polling Place","No","Hand marked paper ballots and BMDs","Optical Scan",
"3600500000","New York","Bronx County","730605","720","Assigned Polling Place","No","Hand marked paper ballots and BMDs","Optical Scan",
"3600700000","New York","Broome County","121482","130","Assigned Polling Place","No","Hand marked paper ballots and BMDs","Optical Scan",
"3600900000","New York","Cattaraugus County","46940","55","Assigned Polling Place","No","Hand marked paper ballots and BMDs","Optical Scan",
"3601100000","New York","Cayuga County","48331","47","Assigned Polling Place","No","Hand marked paper ballots and BMDs","Optical Scan",
"3601300000","New York","Chautauqua County","79403","99","Assigned Polling Place","No","Hand marked paper ballots and BMDs","Optical Scan",
"3601500000","New York","Chemung County","51306","89","Assigned Polling Place","No","Hand marked paper ballots and BMDs","Optical Scan",
"3601700000","New York","Chenango County","30002","31","Assigned Polling Place","No","Hand marked paper ballots and BMDs","Optical Scan",
"3601900000","New York","Clinton County","49019","51","Assigned Polling Place","No","Hand marked paper ballots and BMDs","Optical Scan",
"3602100000","New York","Columbia County","46254","62","Assigned Polling Place","No","Hand marked paper ballots and BMDs","Optical Scan",
"3602300000","New York","Cortland County","28462","51","Assigned Polling Place","No","Hand marked paper ballots and BMDs","Optical Scan",
"3602500000","New York","Delaware County","29601","55","Assigned Polling Place","No","Hand marked paper ballots and BMDs","Optical Scan",
"3602700000","New York","Dutchess County","197064","223","Assigned Polling Place","No","Hand marked paper ballots and BMDs","Optical Scan",
"3602900000","New York","Erie County","623424","851","Assigned Polling Place","No","Hand marked paper ballots and BMDs","Optical Scan",
"3603100000","New York","Essex County","25095","72","Assigned Polling Place","No","Hand marked paper ballots and BMDs","Optical Scan",
"3603300000","New York","Franklin County","26891","29","Assigned Polling Place","No","Hand marked paper ballots and BMDs","Optical Scan",
"3603500000","New York","Fulton County","33170","32","Assigned Polling Place","No","Hand marked paper ballots and BMDs","Optical Scan",
"3603700000","New York","Genesee County","37868","52","Assigned Polling Place","No","Hand marked paper ballots and BMDs","Optical Scan",
"3603900000","New York","Greene County","32351","52","Assigned Polling Place","No","Hand marked paper ballots and BMDs","Optical Scan",
"3604100000","New York","Hamilton County","4270","11","Assigned Polling Place","No","Hand marked paper ballots and BMDs","Optical Scan",
"3604300000","New York","Herkimer County","38753","44","Assigned Polling Place","No","Hand marked paper ballots and BMDs","Optical Scan",
"3604500000","New York","Jefferson County","58323","70","Assigned Polling Place","No","Hand marked paper ballots and BMDs","Optical Scan",
"3604700000","New York","Kings County","1476140","1355","Assigned Polling Place","No","Hand marked paper ballots and BMDs","Optical Scan",
"3604900000","New York","Lewis County","17398","36","Assigned Polling Place","No","Hand marked paper ballots and BMDs","Optical Scan",
"3605100000","New York","Livingston County","39656","41","Assigned Polling Place","No","Hand marked paper ballots and BMDs","Optical Scan",
"3605300000","New York","Madison County","42617","52","Assigned Polling Place","No","Hand marked paper ballots and BMDs","Optical Scan",
"3605500000","New York","Monroe County","487820","853","Assigned Polling Place","No","Hand marked paper ballots and BMDs","Optical Scan",
"3605700000","New York","Montgomery County","29231","42","Assigned Polling Place","No","Hand marked paper ballots and BMDs","Optical Scan",
"3605900000","New York","Nassau County","982883","1122","Assigned Polling Place","No","Hand marked paper ballots and BMDs","Optical Scan",
"3606100000","New York","New York County","994441","897","Assigned Polling Place","No","Hand marked paper ballots and BMDs","Optical Scan",
"3606300000","New York","Niagara County","140186","181","Assigned Polling Place","No","Hand marked paper ballots and BMDs","Optical Scan",
"3606500000","New York","Oneida County","132581","192","Assigned Polling Place","No","Hand marked paper ballots and BMDs","Optical Scan",
"3606700000","New York","Onondaga County","304486","433","Assigned Polling Place","No","Hand marked paper ballots and BMDs","Optical Scan",
"3606900000","New York","Ontario County","77400","92","Assigned Polling Place","No","Hand marked paper ballots and BMDs","Optical Scan",
"3607100000","New York","Orange County","241134","335","Assigned Polling Place","No","Hand marked paper ballots and BMDs","Optical Scan",
"3607300000","New York","Orleans County","24585","40","Assigned Polling Place","No","Hand marked paper ballots and BMDs","Optical Scan",
"3607500000","New York","Oswego County","74925","110","Assigned Polling Place","No","Hand marked paper ballots and BMDs","Optical Scan",
"3607700000","New York","Otsego County","35886","50","Assigned Polling Place","No","Hand marked paper ballots and BMDs","Optical Scan",
"3607900000","New York","Putnam County","69930","86","Assigned Polling Place","No","Hand marked paper ballots and BMDs","Optical Scan",
"3608100000","New York","Queens County","1224612","1314","Assigned Polling Place","No","Hand marked paper ballots and BMDs","Optical Scan",
"3608300000","New York","Rensselaer County","104236","118","Assigned Polling Place","No","Hand marked paper ballots and BMDs","Optical Scan",
"3608500000","New York","Richmond County","309913","254","Assigned Polling Place","No","Hand marked paper ballots and BMDs","Optical Scan",
"3608700000","New York","Rockland County","203213","300","Assigned Polling Place","No","Hand marked paper ballots and BMDs","Optical Scan",
"3609100000","New York","Saratoga County","173455","196","Assigned Polling Place","No","Hand marked paper ballots and BMDs","Optical Scan",
"3609300000","New York","Schenectady County","99302","102","Assigned Polling Place","No","Hand marked paper ballots and BMDs","Optical Scan",
"3609500000","New York","Schoharie County","19998","22","Assigned Polling Place","No","Hand marked paper ballots and BMDs","Optical Scan",
"3609700000","New York","Schuyler County","12599","19","Assigned Polling Place","No","Hand marked paper ballots and BMDs","Optical Scan",
"3609900000","New York","Seneca County","20621","27","Assigned Polling Place","No","Hand marked paper ballots and BMDs","Optical Scan",
"3608900000","New York","St. Lawrence County","61459","70","Assigned Polling Place","No","Hand marked paper ballots and BMDs","Optical Scan",
"3610100000","New York","Steuben County","60519","85","Assigned Polling Place","No","Hand marked paper ballots and BMDs","Optical Scan",
"3610300000","New York","Suffolk County","1041640","1058","Assigned Polling Place","No","Hand marked paper ballots and BMDs","Optical Scan",
"3610500000","New York","Sullivan County","48205","68","Assigned Polling Place","No","Hand marked paper ballots and BMDs","Optical Scan",
"3610700000","New York","Tioga County","32234","34","Assigned Polling Place","No","Hand marked paper ballots and BMDs","Optical Scan",
"3610900000","New York","Tompkins County","58056","62","Assigned Polling Place","No","Hand marked paper ballots and BMDs","Optical Scan",
"3611100000","New York","Ulster County","126684","164","Assigned Polling Place","No","Hand marked paper ballots and BMDs","Optical Scan",
"3611300000","New York","Warren County","46653","42","Assigned Polling Place","No","Hand marked paper ballots and BMDs","Optical Scan",
"3611500000","New York","Washington County","37927","50","Assigned Polling Place","No","Hand marked paper ballots and BMDs","Optical Scan",
"3611700000","New York","Wayne County","58679","63","Assigned Polling Place","No","Hand marked paper ballots and BMDs","Optical Scan",
"3611900000","New York","Westchester County","610514","951","Assigned Polling Place","No","Hand marked paper ballots and BMDs","Optical Scan",
"3612100000","New York","Wyoming County","26738","40","Assigned Polling Place","No","Hand marked paper ballots and BMDs","Optical Scan",
"3612300000","New York","Yates County","13749","18","Assigned Polling Place","No","Hand marked paper ballots and BMDs","Optical Scan",
"3700100000","North Carolina","Alamance County","101065","38","Assigned Polling Place","No","Hand marked paper ballots and BMDs","Optical Scan",
"3700300000","North Carolina","Alexander County","23222","10","Assigned Polling Place","No","Hand marked paper ballots and BMDs","Optical Scan",
"3700500000","North Carolina","Alleghany County","7224","4","Assigned Polling Place","No","Hand marked paper ballots and BMDs","Optical Scan",
"3700700000","North Carolina","Anson County","14402","9","Assigned Polling Place","No","Hand marked paper ballots and BMDs","Optical Scan",
"3700900000","North Carolina","Ashe County","18386","17","Assigned Polling Place","No","Hand marked paper ballots and BMDs","Optical Scan",
"3701100000","North Carolina","Avery County","11281","19","Assigned Polling Place","No","Hand marked paper ballots and BMDs","Optical Scan",
"3701300000","North Carolina","Beaufort County","29960","21","Assigned Polling Place","No","Hand marked paper ballots and BMDs","Optical Scan",
"3701500000","North Carolina","Bertie County","11437","12","Assigned Polling Place","No","Hand marked paper ballots and BMDs","Optical Scan",
"3701700000","North Carolina","Bladen County","19707","17","Assigned Polling Place","No","Hand marked paper ballots and BMDs","Optical Scan",
"3701900000","North Carolina","Brunswick County","112811","27","Assigned Polling Place","No","Hand marked paper ballots and BMDs","Optical Scan",
"3702100000","North Carolina","Buncombe County","187371","80","Assigned Polling Place","No","Hand marked paper ballots and BMDs","Optical Scan",
"3702300000","North Carolina","Burke County","52867","31","Assigned Polling Place","No","Hand marked paper ballots and BMDs","Optical Scan",
"3702500000","North Carolina","Cabarrus County","135427","39","Assigned Polling Place","No","Hand marked paper ballots and BMDs","Optical Scan",
"3702700000","North Carolina","Caldwell County","49411","18","Assigned Polling Place","No","Hand marked paper ballots and BMDs","Optical Scan",
"3702900000","North Carolina","Camden County","7049","3","Assigned Polling Place","No","Hand marked paper ballots and BMDs","Optical Scan",
"3703100000","North Carolina","Carteret County","49223","26","Assigned Polling Place","No","Hand marked paper ballots and BMDs","Optical Scan",
"3703300000","North Carolina","Caswell County","13889","9","Assigned Polling Place","No","Hand marked paper ballots and BMDs","Optical Scan",
"3703500000","North Carolina","Catawba County","98902","40","Assigned Polling Place","No","Hand marked paper ballots and BMDs","Optical Scan",
"3703700000","North Carolina","Chatham County","56011","17","Assigned Polling Place","No","Hand marked paper ballots and BMDs","Optical Scan",
"3703900000","North Carolina","Cherokee County","20630","16","Assigned Polling Place","No","Ballot Marking Devices for all voters","Optical Scan",
"3704100000","North Carolina","Chowan County","8911","6","Assigned Polling Place","No","Hand marked paper ballots and BMDs","Optical Scan",
"3704300000","North Carolina","Clay County","8612","9","Assigned Polling Place","No","Hand marked paper ballots and BMDs","Optical Scan",
"3704500000","North Carolina","Cleveland County","59619","21","Assigned Polling Place","No","Hand marked paper ballots and BMDs","Optical Scan",
"3704700000","North Carolina","Columbus County","32421","21","Assigned Polling Place","No","Hand marked paper ballots and BMDs","Optical Scan",
"3704900000","North Carolina","Craven County","62044","21","Assigned Polling Place","No","Hand marked paper ballots and BMDs","Optical Scan",
"3705100000","North Carolina","Cumberland County","176102","75","Assigned Polling Place","No","Hand marked paper ballots and BMDs","Optical Scan",
"3705300000","North Carolina","Currituck County","20013","11","Assigned Polling Place","No","Hand marked paper ballots and BMDs","Optical Scan",
"3705500000","North Carolina","Dare County","27348","16","Assigned Polling Place","No","Hand marked paper ballots and BMDs","Optical Scan",
"3705700000","North Carolina","Davidson County","104053","43","Assigned Polling Place","No","Ballot Marking Devices for all voters","Optical Scan",
"3705900000","North Carolina","Davie County","29367","14","Assigned Polling Place","No","Ballot Marking Devices for all voters","Optical Scan",
"3706100000","North Carolina","Duplin County","27821","19","Assigned Polling Place","No","Hand marked paper ballots and BMDs","Optical Scan",
"3706300000","North Carolina","Durham County","205357","57","Assigned Polling Place","No","Hand marked paper ballots and BMDs","Optical Scan",
"3706500000","North Carolina","Edgecombe County","30808","21","Assigned Polling Place","No","Hand marked paper ballots and BMDs","Optical Scan",
"3706700000","North Carolina","Forsyth County","228622","108","Assigned Polling Place","No","Hand marked paper ballots and BMDs","Optical Scan",
"3706900000","North Carolina","Franklin County","46162","18","Assigned Polling Place","No","Hand marked paper ballots and BMDs","Optical Scan",
"3707100000","North Carolina","Gaston County","137051","46","Assigned Polling Place","No","Hand marked paper ballots and BMDs","Optical Scan",
"3707300000","North Carolina","Gates County","7289","6","Assigned Polling Place","No","Hand marked paper ballots and BMDs","Optical Scan",
"3707500000","North Carolina","Graham County","5539","4","Assigned Polling Place","No","Hand marked paper ballots and BMDs","Optical Scan",
"3707700000","North Carolina","Granville County","37047","15","Assigned Polling Place","No","Hand marked paper ballots and BMDs","Optical Scan",
"3707900000","North Carolina","Greene County","9839","10","Assigned Polling Place","No","Hand marked paper ballots and BMDs","Optical Scan",
"3708100000","North Carolina","Guilford County","333744","165","Assigned Polling Place","No","Hand marked paper ballots and BMDs","Optical Scan",
"3708300000","North Carolina","Halifax County","32474","19","Assigned Polling Place","No","Hand marked paper ballots and BMDs","Optical Scan",
"3708500000","North Carolina","Harnett County","73777","13","Assigned Polling Place","No","Hand marked paper ballots and BMDs","Optical Scan",
"3708700000","North Carolina","Haywood County","42214","29","Assigned Polling Place","No","Hand marked paper ballots and BMDs","Optical Scan",
"3708900000","North Carolina","Henderson County","79947","35","Assigned Polling Place","No","Hand marked paper ballots and BMDs","Optical Scan",
"3709100000","North Carolina","Hertford County","12342","13","Assigned Polling Place","No","Hand marked paper ballots and BMDs","Optical Scan",
"3709300000","North Carolina","Hoke County","27931","15","Assigned Polling Place","No","Hand marked paper ballots and BMDs","Optical Scan",
"3709500000","North Carolina","Hyde County","2802","7","Assigned Polling Place","No","Hand marked paper ballots and BMDs","Optical Scan",
"3709700000","North Carolina","Iredell County","121912","29","Assigned Polling Place","No","Hand marked paper ballots and BMDs","Optical Scan",
"3709900000","North Carolina","Jackson County","26086","13","Assigned Polling Place","No","Ballot Marking Devices for all voters","Optical Scan",
"3710100000","North Carolina","Johnston County","135783","36","Assigned Polling Place","No","Hand marked paper ballots and BMDs","Optical Scan",
"3710300000","North Carolina","Jones County","6315","7","Assigned Polling Place","No","Hand marked paper ballots and BMDs","Optical Scan",
"3710500000","North Carolina","Lee County","35153","10","Assigned Polling Place","No","Hand marked paper ballots and BMDs","Optical Scan",
"3710700000","North Carolina","Lenoir County","32853","22","Assigned Polling Place","No","Hand marked paper ballots and BMDs","Optical Scan",
"3710900000","North Carolina","Lincoln County","60250","23","Assigned Polling Place","No","Hand marked paper ballots and BMDs","Optical Scan",
"3711300000","North Carolina","Macon County","24984","15","Assigned Polling Place","No","Hand marked paper ballots and BMDs","Optical Scan",
"3711500000","North Carolina","Madison County","15266","12","Assigned Polling Place","No","Hand marked paper ballots and BMDs","Optical Scan",
"3711700000","North Carolina","Martin County","14593","9","Assigned Polling Place","No","Hand marked paper ballots and BMDs","Optical Scan",
"3711100000","North Carolina","McDowell County","26782","17","Assigned Polling Place","No","Hand marked paper ballots and BMDs","Optical Scan",
"3711900000","North Carolina","Mecklenburg County","670844","195","Assigned Polling Place","No","Ballot Marking Devices for all voters","Optical Scan",
"3712100000","North Carolina","Mitchell County","10127","9","Assigned Polling Place","No","Hand marked paper ballots and BMDs","Optical Scan",
"3712300000","North Carolina","Montgomery County","15520","14","Assigned Polling Place","No","Hand marked paper ballots and BMDs","Optical Scan",
"3712500000","North Carolina","Moore County","68935","26","Assigned Polling Place","No","Hand marked paper ballots and BMDs","Optical Scan",
"3712700000","North Carolina","Nash County","61342","24","Assigned Polling Place","No","Hand marked paper ballots and BMDs","Optical Scan",
"3712900000","North Carolina","New Hanover County","155071","43","Assigned Polling Place","No","Hand marked paper ballots and BMDs","Optical Scan",
"3713100000","North Carolina","Northampton County","11584","13","Assigned Polling Place","No","Hand marked paper ballots and BMDs","Optical Scan",
"3713300000","North Carolina","Onslow County","94748","24","Assigned Polling Place","No","Hand marked paper ballots and BMDs","Optical Scan",
"3713500000","North Carolina","Orange County","97951","40","Assigned Polling Place","No","Hand marked paper ballots and BMDs","Optical Scan",
"3713700000","North Carolina","Pamlico County","8895","10","Assigned Polling Place","No","Hand marked paper ballots and BMDs","Optical Scan",
"3713900000","North Carolina","Pasquotank County","24183","9","Assigned Polling Place","No","Hand marked paper ballots and BMDs","Optical Scan",
"3714100000","North Carolina","Pender County","43127","19","Assigned Polling Place","No","Hand marked paper ballots and BMDs","Optical Scan",
"3714300000","North Carolina","Perquimans County","8782","7","Assigned Polling Place","No","Ballot Marking Devices for all voters","Optical Scan",
"3714500000","North Carolina","Person County","25327","11","Assigned Polling Place","No","Hand marked paper ballots and BMDs","Optical Scan",
"3714700000","North Carolina","Pitt County","102592","40","Assigned Polling Place","No","Hand marked paper ballots and BMDs","Optical Scan",
"3714900000","North Carolina","Polk County","14710","7","Assigned Polling Place","No","Hand marked paper ballots and BMDs","Optical Scan",
"3715100000","North Carolina","Randolph County","86485","22","Assigned Polling Place","No","Hand marked paper ballots and BMDs","Optical Scan",
"3715300000","North Carolina","Richmond County","24473","16","Assigned Polling Place","No","Hand marked paper ballots and BMDs","Optical Scan",
"3715500000","North Carolina","Robeson County","60949","39","Assigned Polling Place","No","Hand marked paper ballots and BMDs","Optical Scan",
"3715700000","North Carolina","Rockingham County","55816","15","Assigned Polling Place","No","Hand marked paper ballots and BMDs","Optical Scan",
"3715900000","North Carolina","Rowan County","86864","41","Assigned Polling Place","No","Hand marked paper ballots and BMDs","Optical Scan",
"3716100000","North Carolina","Rutherford County","41168","17","Assigned Polling Place","No","Hand marked paper ballots and BMDs","Optical Scan",
"3716300000","North Carolina","Sampson County","34275","23","Assigned Polling Place","No","Hand marked paper ballots and BMDs","Optical Scan",
"3716500000","North Carolina","Scotland County","18043","7","Assigned Polling Place","No","Hand marked paper ballots and BMDs","Optical Scan",
"3716700000","North Carolina","Stanly County","39793","22","Assigned Polling Place","No","Hand marked paper ballots and BMDs","Optical Scan",
"3716900000","North Carolina","Stokes County","29777","18","Assigned Polling Place","No","Hand marked paper ballots and BMDs","Optical Scan",
"3717100000","North Carolina","Surry County","42683","23","Assigned Polling Place","No","Hand marked paper ballots and BMDs","Optical Scan",
"3717300000","North Carolina","Swain County","8513","5","Assigned Polling Place","No","Hand marked paper ballots and BMDs","Optical Scan",
"3717500000","North Carolina","Transylvania County","23671","15","Assigned Polling Place","No","Hand marked paper ballots and BMDs","Optical Scan",
"3717700000","North Carolina","Tyrrell County","2266","6","Assigned Polling Place","No","Hand marked paper ballots and BMDs","Optical Scan",
"3717900000","North Carolina","Union County","152209","52","Assigned Polling Place","No","Hand marked paper ballots and BMDs","Optical Scan",
"3718100000","North Carolina","Vance County","24844","12","Assigned Polling Place","No","Hand marked paper ballots and BMDs","Optical Scan",
"3718300000","North Carolina","Wake County","704630","208","Assigned Polling Place","No","Hand marked paper ballots and BMDs","Optical Scan",
"3718500000","North Carolina","Warren County","11989","14","Assigned Polling Place","No","Ballot Marking Devices for all voters","Optical Scan",
"3718700000","North Carolina","Washington County","7290","6","Assigned Polling Place","No","Hand marked paper ballots and BMDs","Optical Scan",
"3718900000","North Carolina","Watauga County","39073","20","Assigned Polling Place","No","Hand marked paper ballots and BMDs","Optical Scan",
"3719100000","North Carolina","Wayne County","66350","28","Assigned Polling Place","No","Hand marked paper ballots and BMDs","Optical Scan",
"3719300000","North Carolina","Wilkes County","40541","26","Assigned Polling Place","No","Hand marked paper ballots and BMDs","Optical Scan",
"3719500000","North Carolina","Wilson County","47694","24","Assigned Polling Place","No","Hand marked paper ballots and BMDs","Optical Scan",
"3719700000","North Carolina","Yadkin County","22979","12","Assigned Polling Place","No","Hand marked paper ballots and BMDs","Optical Scan",
"3719900000","North Carolina","Yancey County","13135","11","Assigned Polling Place","No","Hand marked paper ballots and BMDs","Optical Scan",
"3800100000","North Dakota","Adams County","1725","2","Assigned Polling Place","Yes","Hand marked paper ballots and BMDs","Optical Scan",
"3800300000","North Dakota","Barnes County","8380","16","Assigned Polling Place","Yes","Hand marked paper ballots and BMDs","Optical Scan",
"3800500000","North Dakota","Benson County","4510","5","Assigned Polling Place","Yes","Hand marked paper ballots and BMDs","Optical Scan",
"3800700000","North Dakota","Billings County","675","4","Assigned Polling Place","Yes","Hand marked paper ballots and BMDs","Optical Scan",
"3800900000","North Dakota","Bottineau County","4955","6","Assigned Polling Place","Yes","Hand marked paper ballots and BMDs","Optical Scan",
"3801100000","North Dakota","Bowman County","2315","5","Vote Center","No","Hand marked paper ballots and BMDs","Optical Scan",
"3801300000","North Dakota","Burke County","1580","7","Assigned Polling Place","Yes","Hand marked paper ballots and BMDs","Optical Scan",
"3801500000","North Dakota","Burleigh County","72005","31","Assigned Polling Place","No","Hand marked paper ballots and BMDs","Optical Scan",
"3801700000","North Dakota","Cass County","131950","36","Vote Center","No","Hand marked paper ballots and BMDs","Optical Scan",
"3801900000","North Dakota","Cavalier County","2975","3","Assigned Polling Place","Yes","Hand marked paper ballots and BMDs","Optical Scan",
"3802100000","North Dakota","Dickey County","3630","6","Vote Center","No","Hand marked paper ballots and BMDs","Optical Scan",
"3802300000","North Dakota","Divide County","1785","5","Assigned Polling Place","Yes","Hand marked paper ballots and BMDs","Optical Scan",
"3802500000","North Dakota","Dunn County","3235","11","Assigned Polling Place","Yes","Hand marked paper ballots and BMDs","Optical Scan",
"3802700000","North Dakota","Eddy County","1755","4","Assigned Polling Place","Yes","Hand marked paper ballots and BMDs","Optical Scan",
"3802900000","North Dakota","Emmons County","2600","6","Vote Center","No","Hand marked paper ballots and BMDs","Optical Scan",
"3803100000","North Dakota","Foster County","2510","2","Assigned Polling Place","Yes","Hand marked paper ballots and BMDs","Optical Scan",
"3803300000","North Dakota","Golden Valley County","1435","2","Vote Center","No","Hand marked paper ballots and BMDs","Optical Scan",
"3803500000","North Dakota","Grand Forks County","53255","21","Assigned Polling Place","Yes","Hand marked paper ballots and BMDs","Optical Scan",
"3803700000","North Dakota","Grant County","1785","5","Assigned Polling Place","Yes","Hand marked paper ballots and BMDs","Optical Scan",
"3803900000","North Dakota","Griggs County","1845","6","Assigned Polling Place","Yes","Hand marked paper ballots and BMDs","Optical Scan",
"3804100000","North Dakota","Hettinger County","2020","5","Assigned Polling Place","Yes","Hand marked paper ballots and BMDs","Optical Scan",
"3804300000","North Dakota","Kidder County","1895","7","Assigned Polling Place","Yes","Hand marked paper ballots and BMDs","Optical Scan",
"3804500000","North Dakota","LaMoure County","3240","5","Assigned Polling Place","Yes","Hand marked paper ballots and BMDs","Optical Scan",
"3804700000","North Dakota","Logan County","1405","6","Assigned Polling Place","Yes","Hand marked paper ballots and BMDs","Optical Scan",
"3804900000","North Dakota","McHenry County","4415","9","Assigned Polling Place","Yes","Hand marked paper ballots and BMDs","Optical Scan",
"3805100000","North Dakota","McIntosh County","2065","7","Assigned Polling Place","Yes","Hand marked paper ballots and BMDs","Optical Scan",
"3805300000","North Dakota","McKenzie County","9360","12","Assigned Polling Place","Yes","Hand marked paper ballots and BMDs","Optical Scan",
"3805500000","North Dakota","McLean County","7370","7","Assigned Polling Place","Yes","Hand marked paper ballots and BMDs","Optical Scan",
"3805700000","North Dakota","Mercer County","6420","15","Assigned Polling Place","Yes","Hand marked paper ballots and BMDs","Optical Scan",
"3805900000","North Dakota","Morton County","23860","18","Assigned Polling Place","No","Hand marked paper ballots and BMDs","Optical Scan",
"3806100000","North Dakota","Mountrail County","7325","7","Assigned Polling Place","Yes","Hand marked paper ballots and BMDs","Optical Scan",
"3806300000","North Dakota","Nelson County","2255","2","Assigned Polling Place","Yes","Hand marked paper ballots and BMDs","Optical Scan",
"3806500000","North Dakota","Oliver County","1465","8","Assigned Polling Place","Yes","Hand marked paper ballots and BMDs","Optical Scan",
"3806700000","North Dakota","Pembina County","5310","7","Assigned Polling Place","Yes","Hand marked paper ballots and BMDs","Optical Scan",
"3806900000","North Dakota","Pierce County","3140","9","Assigned Polling Place","Yes","Hand marked paper ballots and BMDs","Optical Scan",
"3807100000","North Dakota","Ramsey County","8690","5","Assigned Polling Place","Yes","Hand marked paper ballots and BMDs","Optical Scan",
"3807300000","North Dakota","Ransom County","3985","4","Assigned Polling Place","Yes","Hand marked paper ballots and BMDs","Optical Scan",
"3807500000","North Dakota","Renville County","1800","8","Assigned Polling Place","Yes","Hand marked paper ballots and BMDs","Optical Scan",
"3807700000","North Dakota","Richland County","12645","14","Assigned Polling Place","Yes","Hand marked paper ballots and BMDs","Optical Scan",
"3807900000","North Dakota","Rolette County","9500","6","Assigned Polling Place","Yes","Hand marked paper ballots and BMDs","Optical Scan",
"3808100000","North Dakota","Sargent County","3100","3","Assigned Polling Place","Yes","Hand marked paper ballots and BMDs","Optical Scan",
"3808300000","North Dakota","Sheridan County","1080","2","Assigned Polling Place","Yes","Hand marked paper ballots and BMDs","Optical Scan",
"3808500000","North Dakota","Sioux County","2825","7","Assigned Polling Place","Yes","Hand marked paper ballots and BMDs","Optical Scan",
"3808700000","North Dakota","Slope County","610","4","Vote Center","No","Hand marked paper ballots and BMDs","Optical Scan",
"3808900000","North Dakota","Stark County","22365","9","Vote Center","No","Hand marked paper ballots and BMDs","Optical Scan",
"3809100000","North Dakota","Steele County","1410","6","Assigned Polling Place","Yes","Hand marked paper ballots and BMDs","Optical Scan",
"3809300000","North Dakota","Stutsman County","16425","10","Vote Center","No","Hand marked paper ballots and BMDs","Optical Scan",
"3809500000","North Dakota","Towner County","1650","4","Assigned Polling Place","Yes","Hand marked paper ballots and BMDs","Optical Scan",
"3809700000","North Dakota","Traill County","6120","13","Assigned Polling Place","Yes","Hand marked paper ballots and BMDs","Optical Scan",
"3809900000","North Dakota","Walsh County","7965","3","Assigned Polling Place","Yes","Hand marked paper ballots and BMDs","Optical Scan",
"3810100000","North Dakota","Ward County","50925","17","Vote Center","No","Hand marked paper ballots and BMDs","Optical Scan",
"3810300000","North Dakota","Wells County","3095","7","Assigned Polling Place","Yes","Hand marked paper ballots and BMDs","Optical Scan",
"3810500000","North Dakota","Williams County","24295","25","Assigned Polling Place","Yes","Hand marked paper ballots and BMDs","Optical Scan",
"6900000000","Northern Mariana Islands","Northern Mariana Islands","19272","7","","No","Hand marked paper ballots and BMDs","Optical Scan",
"3900100000","Ohio","Adams County","17302","21","Assigned Polling Place","No","DREs with VVPAT for all voters","DRE",
"3900300000","Ohio","Allen County","66650","88","Assigned Polling Place","No","Hand marked paper ballots and BMDs","Optical Scan",
"3900500000","Ohio","Ashland County","34699","39","Assigned Polling Place","No","Hand marked paper ballots and BMDs","Optical Scan",
"3900700000","Ohio","Ashtabula County","61091","104","Assigned Polling Place","No","Hand marked paper ballots and BMDs","Optical Scan",
"3900900000","Ohio","Athens County","38989","56","Assigned Polling Place","No","Hand marked paper ballots and BMDs","Optical Scan",
"3901100000","Ohio","Auglaize County","32319","39","Assigned Polling Place","No","Hand marked paper ballots and BMDs","Optical Scan",
"3901300000","Ohio","Belmont County","44829","70","Assigned Polling Place","No","Hand marked paper ballots and BMDs","Optical Scan",
"3901500000","Ohio","Brown County","28940","32","Assigned Polling Place","No","Ballot Marking Devices for all voters","Optical Scan",
"3901700000","Ohio","Butler County","255504","282","Assigned Polling Place","No","DREs with VVPAT for all voters","DRE",
"3901900000","Ohio","Carroll County","18318","23","Assigned Polling Place","No","Hand marked paper ballots and BMDs","Optical Scan",
"3902100000","Ohio","Champaign County","26512","28","Assigned Polling Place","No","Hand marked paper ballots and BMDs","Optical Scan",
"3902300000","Ohio","Clark County","88454","90","Assigned Polling Place","No","Hand marked paper ballots and BMDs","Optical Scan",
"3902500000","Ohio","Clermont County","145530","166","Assigned Polling Place","No","Hand marked paper ballots and BMDs","Optical Scan",
"3902700000","Ohio","Clinton County","27368","36","Assigned Polling Place","No","Hand marked paper ballots and BMDs","Optical Scan",
"3902900000","Ohio","Columbiana County","65493","87","Assigned Polling Place","No","Hand marked paper ballots and BMDs","Optical Scan",
"3903100000","Ohio","Coshocton County","22382","23","Assigned Polling Place","No","Ballot Marking Devices for all voters","Optical Scan",
"3903300000","Ohio","Crawford County","28027","35","Assigned Polling Place","No","Ballot Marking Devices for all voters","Optical Scan",
"3903500000","Ohio","Cuyahoga County","880528","975","Assigned Polling Place","No","Hand marked paper ballots and BMDs","Optical Scan",
"3903700000","Ohio","Darke County","34387","43","Assigned Polling Place","No","Ballot Marking Devices for all voters","Optical Scan",
"3903900000","Ohio","Defiance County","26370","33","Assigned Polling Place","No","Ballot Marking Devices for all voters","Optical Scan",
"3904100000","Ohio","Delaware County","156588","165","Assigned Polling Place","No","Ballot Marking Devices for all voters","Optical Scan",
"3904300000","Ohio","Erie County","53913","62","Assigned Polling Place","No","Hand marked paper ballots and BMDs","Optical Scan",
"3904500000","Ohio","Fairfield County","109963","107","Assigned Polling Place","No","DREs with VVPAT for all voters","DRE",
"3904700000","Ohio","Fayette County","17035","25","Assigned Polling Place","No","Hand marked paper ballots and BMDs","Optical Scan",
"3904900000","Ohio","Franklin County","879228","884","Assigned Polling Place","No","Ballot Marking Devices for all voters","Optical Scan",
"3905100000","Ohio","Fulton County","29430","29","Assigned Polling Place","No","Ballot Marking Devices for all voters","Optical Scan",
"3905300000","Ohio","Gallia County","18896","26","Assigned Polling Place","No","Hand marked paper ballots and BMDs","Optical Scan",
"3905500000","Ohio","Geauga County","67924","78","Assigned Polling Place","No","Hand marked paper ballots and BMDs","Optical Scan",
"3905700000","Ohio","Greene County","119634","146","Assigned Polling Place","No","DREs with VVPAT for all voters","DRE",
"3905900000","Ohio","Guernsey County","24367","35","Assigned Polling Place","No","Hand marked paper ballots and BMDs","Optical Scan",
"3906100000","Ohio","Hamilton County","596787","563","Assigned Polling Place","No","Hand marked paper ballots and BMDs","Optical Scan",
"3906300000","Ohio","Hancock County","51571","60","Assigned Polling Place","No","DREs with VVPAT for all voters","DRE",
"3906500000","Ohio","Hardin County","17900","21","Assigned Polling Place","No","DREs with VVPAT for all voters","DRE",
"3906700000","Ohio","Harrison County","10035","16","Assigned Polling Place","No","Hand marked paper ballots and BMDs","Optical Scan",
"3906900000","Ohio","Henry County","19729","23","Assigned Polling Place","No","Ballot Marking Devices for all voters","Optical Scan",
"3907100000","Ohio","Highland County","27203","31","Assigned Polling Place","No","Hand marked paper ballots and BMDs","Optical Scan",
"3907300000","Ohio","Hocking County","18446","21","Assigned Polling Place","No","Hand marked paper ballots and BMDs","Optical Scan",
"3907500000","Ohio","Holmes County","18072","17","Assigned Polling Place","No","Hand marked paper ballots and BMDs","Optical Scan",
"3907700000","Ohio","Huron County","36581","46","Assigned Polling Place","No","Hand marked paper ballots and BMDs","Optical Scan",
"3907900000","Ohio","Jackson County","20752","30","Assigned Polling Place","No","Hand marked paper ballots and BMDs","Optical Scan",
"3908100000","Ohio","Jefferson County","46775","71","Assigned Polling Place","No","Hand marked paper ballots and BMDs","Optical Scan",
"3908300000","Ohio","Knox County","42307","53","Assigned Polling Place","No","Hand marked paper ballots and BMDs","Optical Scan",
"3908500000","Ohio","Lake County","162249","163","Assigned Polling Place","No","Ballot Marking Devices for all voters","Optical Scan",
"3908700000","Ohio","Lawrence County","42613","84","Assigned Polling Place","No","Ballot Marking Devices for all voters","BMD/Tabulator",
"3908900000","Ohio","Licking County","125377","96","Assigned Polling Place","No","Ballot Marking Devices for all voters","Optical Scan",
"3909100000","Ohio","Logan County","32163","36","Assigned Polling Place","No","Hand marked paper ballots and BMDs","Optical Scan",
"3909300000","Ohio","Lorain County","219388","193","Assigned Polling Place","No","Ballot Marking Devices for all voters","Optical Scan",
"3909500000","Ohio","Lucas County","295333","312","Assigned Polling Place","No","Ballot Marking Devices for all voters","BMD/Tabulator",
"3909700000","Ohio","Madison County","25987","24","Assigned Polling Place","No","Hand marked paper ballots and BMDs","Optical Scan",
"3909900000","Ohio","Mahoning County","163377","212","Assigned Polling Place","No","Hand marked paper ballots and BMDs","Optical Scan",
"3910100000","Ohio","Marion County","39512","65","Assigned Polling Place","No","Ballot Marking Devices for all voters","Optical Scan",
"3910300000","Ohio","Medina County","131681","121","Assigned Polling Place","No","Ballot Marking Devices for all voters","Optical Scan",
"3910500000","Ohio","Meigs County","14957","27","Assigned Polling Place","No","Ballot Marking Devices for all voters","Optical Scan",
"3910700000","Ohio","Mercer County","29555","36","Assigned Polling Place","No","Ballot Marking Devices for all voters","Optical Scan",
"3910900000","Ohio","Miami County","76283","85","Assigned Polling Place","No","Hand marked paper ballots and BMDs","Optical Scan",
"3911100000","Ohio","Monroe County","9266","20","Assigned Polling Place","No","Ballot Marking Devices for all voters","Optical Scan",
"3911300000","Ohio","Montgomery County","367296","360","Assigned Polling Place","No","Ballot Marking Devices for all voters","Optical Scan",
"3911500000","Ohio","Morgan County","9236","13","Assigned Polling Place","No","Hand marked paper ballots and BMDs","Optical Scan",
"3911700000","Ohio","Morrow County","25184","33","Assigned Polling Place","No","Hand marked paper ballots and BMDs","Optical Scan",
"3911900000","Ohio","Muskingum County","54697","68","Assigned Polling Place","No","Hand marked paper ballots and BMDs","Optical Scan",
"3912100000","Ohio","Noble County","8059","19","Assigned Polling Place","No","Hand marked paper ballots and BMDs","Optical Scan",
"3912300000","Ohio","Ottawa County","30533","36","Assigned Polling Place","No","Ballot Marking Devices for all voters","Optical Scan",
"3912500000","Ohio","Paulding County","12701","16","Assigned Polling Place","No","Ballot Marking Devices for all voters","Optical Scan",
"3912700000","Ohio","Perry County","22645","33","Assigned Polling Place","No","DREs with VVPAT for all voters","DRE",
"3912900000","Ohio","Pickaway County","36832","42","Assigned Polling Place","No","Ballot Marking Devices for all voters","BMD/Tabulator",
"3913100000","Ohio","Pike County","17814","22","Assigned Polling Place","No","Hand marked paper ballots and BMDs","Optical Scan",
"3913300000","Ohio","Portage County","108228","129","Assigned Polling Place","No","Hand marked paper ballots and BMDs","Optical Scan",
"3913500000","Ohio","Preble County","28559","42","Assigned Polling Place","No","Hand marked paper ballots and BMDs","Optical Scan",
"3913700000","Ohio","Putnam County","23706","25","Assigned Polling Place","No","Hand marked paper ballots and BMDs","Optical Scan",
"3913900000","Ohio","Richland County","81561","83","Assigned Polling Place","No","DREs with VVPAT for all voters","DRE",
"3914100000","Ohio","Ross County","45925","65","Assigned Polling Place","No","Ballot Marking Devices for all voters","BMD/Tabulator",
"3914300000","Ohio","Sandusky County","39948","58","Assigned Polling Place","No","Hand marked paper ballots and BMDs","Optical Scan",
"3914500000","Ohio","Scioto County","45320","77","Assigned Polling Place","No","DREs with VVPAT for all voters","DRE",
"3914700000","Ohio","Seneca County","34328","51","Assigned Polling Place","No","Ballot Marking Devices for all voters","BMD/Tabulator",
"3914900000","Ohio","Shelby County","32703","35","Assigned Polling Place","No","Hand marked paper ballots and BMDs","Optical Scan",
"3915100000","Ohio","Stark County","249182","274","Assigned Polling Place","No","DREs with VVPAT for all voters","DRE",
"3915300000","Ohio","Summit County","371901","420","Assigned Polling Place","No","Hand marked paper ballots and BMDs","Optical Scan",
"3915500000","Ohio","Trumbull County","136464","158","Assigned Polling Place","No","Hand marked paper ballots and BMDs","Optical Scan",
"3915700000","Ohio","Tuscarawas County","58781","81","Assigned Polling Place","No","Hand marked paper ballots and BMDs","Optical Scan",
"3915900000","Ohio","Union County","43579","45","Assigned Polling Place","No","Ballot Marking Devices for all voters","Optical Scan",
"3916100000","Ohio","Van Wert County","20266","39","Assigned Polling Place","No","Hand marked paper ballots and BMDs","Optical Scan",
"3916300000","Ohio","Vinton County","8481","20","Assigned Polling Place","No","Hand marked paper ballots and BMDs","Optical Scan",
"3916500000","Ohio","Warren County","172066","175","Assigned Polling Place","No","Hand marked paper ballots and BMDs","Optical Scan",
"3916700000","Ohio","Washington County","42585","50","Assigned Polling Place","No","Ballot Marking Devices for all voters","Optical Scan",
"3916900000","Ohio","Wayne County","73514","67","Assigned Polling Place","No","DREs with VVPAT for all voters","DRE",
"3917100000","Ohio","Williams County","25152","26","Assigned Polling Place","No","Hand marked paper ballots and BMDs","Optical Scan",
"3917300000","Ohio","Wood County","93063","95","Assigned Polling Place","No","DREs with VVPAT for all voters","DRE",
"3917500000","Ohio","Wyandot County","15072","23","Assigned Polling Place","No","Ballot Marking Devices for all voters","Optical Scan",
"4000100000","Oklahoma","Adair County","9358","17","Assigned Polling Place","No","Hand marked paper ballots; Direct recording assistive interface without VVPAT for accessibility","Optical Scan, accessible interface records votes directly into optical scan tabulation",
"4000300000","Oklahoma","Alfalfa County","2712","8","Assigned Polling Place","No","Hand marked paper ballots; Direct recording assistive interface without VVPAT for accessibility","Optical Scan, accessible interface records votes directly into optical scan tabulation",
"4000500000","Oklahoma","Atoka County","6715","13","Assigned Polling Place","No","Hand marked paper ballots; Direct recording assistive interface without VVPAT for accessibility","Optical Scan, accessible interface records votes directly into optical scan tabulation",
"4000700000","Oklahoma","Beaver County","2763","7","Assigned Polling Place","No","Hand marked paper ballots; Direct recording assistive interface without VVPAT for accessibility","Optical Scan, accessible interface records votes directly into optical scan tabulation",
"4000900000","Oklahoma","Beckham County","10230","12","Assigned Polling Place","No","Hand marked paper ballots; Direct recording assistive interface without VVPAT for accessibility","Optical Scan, accessible interface records votes directly into optical scan tabulation",
"4001100000","Oklahoma","Blaine County","4833","9","Assigned Polling Place","No","Hand marked paper ballots; Direct recording assistive interface without VVPAT for accessibility","Optical Scan, accessible interface records votes directly into optical scan tabulation",
"4001300000","Oklahoma","Bryan County","22339","25","Assigned Polling Place","No","Hand marked paper ballots; Direct recording assistive interface without VVPAT for accessibility","Optical Scan, accessible interface records votes directly into optical scan tabulation",
"4001500000","Oklahoma","Caddo County","12459","14","Assigned Polling Place","No","Hand marked paper ballots; Direct recording assistive interface without VVPAT for accessibility","Optical Scan, accessible interface records votes directly into optical scan tabulation",
"4001700000","Oklahoma","Canadian County","85957","60","Assigned Polling Place","No","Hand marked paper ballots; Direct recording assistive interface without VVPAT for accessibility","Optical Scan, accessible interface records votes directly into optical scan tabulation",
"4001900000","Oklahoma","Carter County","26194","28","Assigned Polling Place","No","Hand marked paper ballots; Direct recording assistive interface without VVPAT for accessibility","Optical Scan, accessible interface records votes directly into optical scan tabulation",
"4002100000","Oklahoma","Cherokee County","23479","29","Assigned Polling Place","No","Hand marked paper ballots; Direct recording assistive interface without VVPAT for accessibility","Optical Scan, accessible interface records votes directly into optical scan tabulation",
"4002300000","Oklahoma","Choctaw County","7720","11","Assigned Polling Place","No","Hand marked paper ballots; Direct recording assistive interface without VVPAT for accessibility","Optical Scan, accessible interface records votes directly into optical scan tabulation",
"4002500000","Oklahoma","Cimarron County","1236","6","Assigned Polling Place","No","Hand marked paper ballots; Direct recording assistive interface without VVPAT for accessibility","Optical Scan, accessible interface records votes directly into optical scan tabulation",
"4002700000","Oklahoma","Cleveland County","153488","105","Assigned Polling Place","No","Hand marked paper ballots; Direct recording assistive interface without VVPAT for accessibility","Optical Scan, accessible interface records votes directly into optical scan tabulation",
"4002900000","Oklahoma","Coal County","3342","9","Assigned Polling Place","No","Hand marked paper ballots; Direct recording assistive interface without VVPAT for accessibility","Optical Scan, accessible interface records votes directly into optical scan tabulation",
"4003100000","Oklahoma","Comanche County","49836","40","Assigned Polling Place","No","Hand marked paper ballots; Direct recording assistive interface without VVPAT for accessibility","Optical Scan, accessible interface records votes directly into optical scan tabulation",
"4003300000","Oklahoma","Cotton County","3337","7","Assigned Polling Place","No","Hand marked paper ballots; Direct recording assistive interface without VVPAT for accessibility","Optical Scan, accessible interface records votes directly into optical scan tabulation",
"4003500000","Oklahoma","Craig County","7430","13","Assigned Polling Place","No","Hand marked paper ballots; Direct recording assistive interface without VVPAT for accessibility","Optical Scan, accessible interface records votes directly into optical scan tabulation",
"4003700000","Oklahoma","Creek County","38160","35","Assigned Polling Place","No","Hand marked paper ballots; Direct recording assistive interface without VVPAT for accessibility","Optical Scan, accessible interface records votes directly into optical scan tabulation",
"4003900000","Oklahoma","Custer County","13541","12","Assigned Polling Place","No","Hand marked paper ballots; Direct recording assistive interface without VVPAT for accessibility","Optical Scan, accessible interface records votes directly into optical scan tabulation",
"4004100000","Oklahoma","Delaware County","23058","18","Assigned Polling Place","No","Hand marked paper ballots; Direct recording assistive interface without VVPAT for accessibility","Optical Scan, accessible interface records votes directly into optical scan tabulation",
"4004300000","Oklahoma","Dewey County","2777","9","Assigned Polling Place","No","Hand marked paper ballots; Direct recording assistive interface without VVPAT for accessibility","Optical Scan, accessible interface records votes directly into optical scan tabulation",
"4004500000","Oklahoma","Ellis County","2232","7","Assigned Polling Place","No","Hand marked paper ballots; Direct recording assistive interface without VVPAT for accessibility","Optical Scan, accessible interface records votes directly into optical scan tabulation",
"4004700000","Oklahoma","Garfield County","29135","28","Assigned Polling Place","No","Hand marked paper ballots; Direct recording assistive interface without VVPAT for accessibility","Optical Scan, accessible interface records votes directly into optical scan tabulation",
"4004900000","Oklahoma","Garvin County","14123","17","Assigned Polling Place","No","Hand marked paper ballots; Direct recording assistive interface without VVPAT for accessibility","Optical Scan, accessible interface records votes directly into optical scan tabulation",
"4005100000","Oklahoma","Grady County","30422","28","Assigned Polling Place","No","Hand marked paper ballots; Direct recording assistive interface without VVPAT for accessibility","Optical Scan, accessible interface records votes directly into optical scan tabulation",
"4005300000","Oklahoma","Grant County","2665","7","Assigned Polling Place","No","Hand marked paper ballots; Direct recording assistive interface without VVPAT for accessibility","Optical Scan, accessible interface records votes directly into optical scan tabulation",
"4005500000","Oklahoma","Greer County","2535","6","Assigned Polling Place","No","Hand marked paper ballots; Direct recording assistive interface without VVPAT for accessibility","Optical Scan, accessible interface records votes directly into optical scan tabulation",
"4005700000","Oklahoma","Harmon County","1153","7","Assigned Polling Place","No","Hand marked paper ballots; Direct recording assistive interface without VVPAT for accessibility","Optical Scan, accessible interface records votes directly into optical scan tabulation",
"4005900000","Oklahoma","Harper County","1781","6","Assigned Polling Place","No","Hand marked paper ballots; Direct recording assistive interface without VVPAT for accessibility","Optical Scan, accessible interface records votes directly into optical scan tabulation",
"4006100000","Oklahoma","Haskell County","6170","10","Assigned Polling Place","No","Hand marked paper ballots; Direct recording assistive interface without VVPAT for accessibility","Optical Scan, accessible interface records votes directly into optical scan tabulation",
"4006300000","Oklahoma","Hughes County","6261","15","Assigned Polling Place","No","Hand marked paper ballots; Direct recording assistive interface without VVPAT for accessibility","Optical Scan, accessible interface records votes directly into optical scan tabulation",
"4006500000","Oklahoma","Jackson County","11225","15","Assigned Polling Place","No","Hand marked paper ballots; Direct recording assistive interface without VVPAT for accessibility","Optical Scan, accessible interface records votes directly into optical scan tabulation",
"4006700000","Oklahoma","Jefferson County","3049","9","Assigned Polling Place","No","Hand marked paper ballots; Direct recording assistive interface without VVPAT for accessibility","Optical Scan, accessible interface records votes directly into optical scan tabulation",
"4006900000","Oklahoma","Johnston County","5242","14","Assigned Polling Place","No","Hand marked paper ballots; Direct recording assistive interface without VVPAT for accessibility","Optical Scan, accessible interface records votes directly into optical scan tabulation",
"4007100000","Oklahoma","Kay County","22515","30","Assigned Polling Place","No","Hand marked paper ballots; Direct recording assistive interface without VVPAT for accessibility","Optical Scan, accessible interface records votes directly into optical scan tabulation",
"4007300000","Oklahoma","Kingfisher County","7932","12","Assigned Polling Place","No","Hand marked paper ballots; Direct recording assistive interface without VVPAT for accessibility","Optical Scan, accessible interface records votes directly into optical scan tabulation",
"4007500000","Oklahoma","Kiowa County","4333","14","Assigned Polling Place","No","Hand marked paper ballots; Direct recording assistive interface without VVPAT for accessibility","Optical Scan, accessible interface records votes directly into optical scan tabulation",
"4007700000","Oklahoma","Latimer County","5305","13","Assigned Polling Place","No","Hand marked paper ballots; Direct recording assistive interface without VVPAT for accessibility","Optical Scan, accessible interface records votes directly into optical scan tabulation",
"4007900000","Oklahoma","Le Flore County","24822","37","Assigned Polling Place","No","Hand marked paper ballots; Direct recording assistive interface without VVPAT for accessibility","Optical Scan, accessible interface records votes directly into optical scan tabulation",
"4008100000","Oklahoma","Lincoln County","18470","19","Assigned Polling Place","No","Hand marked paper ballots; Direct recording assistive interface without VVPAT for accessibility","Optical Scan, accessible interface records votes directly into optical scan tabulation",
"4008300000","Oklahoma","Logan County","27777","30","Assigned Polling Place","No","Hand marked paper ballots; Direct recording assistive interface without VVPAT for accessibility","Optical Scan, accessible interface records votes directly into optical scan tabulation",
"4008500000","Oklahoma","Love County","5452","10","Assigned Polling Place","No","Hand marked paper ballots; Direct recording assistive interface without VVPAT for accessibility","Optical Scan, accessible interface records votes directly into optical scan tabulation",
"4009300000","Oklahoma","Major County","4141","8","Assigned Polling Place","No","Hand marked paper ballots; Direct recording assistive interface without VVPAT for accessibility","Optical Scan, accessible interface records votes directly into optical scan tabulation",
"4009500000","Oklahoma","Marshall County","8175","9","Assigned Polling Place","No","Hand marked paper ballots; Direct recording assistive interface without VVPAT for accessibility","Optical Scan, accessible interface records votes directly into optical scan tabulation",
"4009700000","Oklahoma","Mayes County","21163","25","Assigned Polling Place","No","Hand marked paper ballots; Direct recording assistive interface without VVPAT for accessibility","Optical Scan, accessible interface records votes directly into optical scan tabulation",
"4008700000","Oklahoma","McClain County","24685","27","Assigned Polling Place","No","Hand marked paper ballots; Direct recording assistive interface without VVPAT for accessibility","Optical Scan, accessible interface records votes directly into optical scan tabulation",
"4008900000","Oklahoma","McCurtain County","14495","30","Assigned Polling Place","No","Hand marked paper ballots; Direct recording assistive interface without VVPAT for accessibility","Optical Scan, accessible interface records votes directly into optical scan tabulation",
"4009100000","Oklahoma","McIntosh County","10892","15","Assigned Polling Place","No","Hand marked paper ballots; Direct recording assistive interface without VVPAT for accessibility","Optical Scan, accessible interface records votes directly into optical scan tabulation",
"4009900000","Oklahoma","Murray County","7227","10","Assigned Polling Place","No","Hand marked paper ballots; Direct recording assistive interface without VVPAT for accessibility","Optical Scan, accessible interface records votes directly into optical scan tabulation",
"4010100000","Oklahoma","Muskogee County","32914","39","Assigned Polling Place","No","Hand marked paper ballots; Direct recording assistive interface without VVPAT for accessibility","Optical Scan, accessible interface records votes directly into optical scan tabulation",
"4010300000","Oklahoma","Noble County","6086","11","Assigned Polling Place","No","Hand marked paper ballots; Direct recording assistive interface without VVPAT for accessibility","Optical Scan, accessible interface records votes directly into optical scan tabulation",
"4010500000","Oklahoma","Nowata County","5486","12","Assigned Polling Place","No","Hand marked paper ballots; Direct recording assistive interface without VVPAT for accessibility","Optical Scan, accessible interface records votes directly into optical scan tabulation",
"4010700000","Oklahoma","Okfuskee County","5261","13","Assigned Polling Place","No","Hand marked paper ballots; Direct recording assistive interface without VVPAT for accessibility","Optical Scan, accessible interface records votes directly into optical scan tabulation",
"4010900000","Oklahoma","Oklahoma County","393011","291","Assigned Polling Place","No","Hand marked paper ballots; Direct recording assistive interface without VVPAT for accessibility","Optical Scan, accessible interface records votes directly into optical scan tabulation",
"4011100000","Oklahoma","Okmulgee County","18499","25","Assigned Polling Place","No","Hand marked paper ballots; Direct recording assistive interface without VVPAT for accessibility","Optical Scan, accessible interface records votes directly into optical scan tabulation",
"4011300000","Oklahoma","Osage County","25549","28","Assigned Polling Place","No","Hand marked paper ballots; Direct recording assistive interface without VVPAT for accessibility","Optical Scan, accessible interface records votes directly into optical scan tabulation",
"4011500000","Oklahoma","Ottawa County","15461","13","Assigned Polling Place","No","Hand marked paper ballots; Direct recording assistive interface without VVPAT for accessibility","Optical Scan, accessible interface records votes directly into optical scan tabulation",
"4011700000","Oklahoma","Pawnee County","8532","10","Assigned Polling Place","No","Hand marked paper ballots; Direct recording assistive interface without VVPAT for accessibility","Optical Scan, accessible interface records votes directly into optical scan tabulation",
"4011900000","Oklahoma","Payne County","38140","30","Assigned Polling Place","No","Hand marked paper ballots; Direct recording assistive interface without VVPAT for accessibility","Optical Scan, accessible interface records votes directly into optical scan tabulation",
"4012100000","Oklahoma","Pittsburg County","23517","38","Assigned Polling Place","No","Hand marked paper ballots; Direct recording assistive interface without VVPAT for accessibility","Optical Scan, accessible interface records votes directly into optical scan tabulation",
"4012300000","Oklahoma","Pontotoc County","19685","20","Assigned Polling Place","No","Hand marked paper ballots; Direct recording assistive interface without VVPAT for accessibility","Optical Scan, accessible interface records votes directly into optical scan tabulation",
"4012500000","Oklahoma","Pottawatomie County","36214","31","Assigned Polling Place","No","Hand marked paper ballots; Direct recording assistive interface without VVPAT for accessibility","Optical Scan, accessible interface records votes directly into optical scan tabulation",
"4012700000","Oklahoma","Pushmataha County","6007","12","Assigned Polling Place","No","Hand marked paper ballots; Direct recording assistive interface without VVPAT for accessibility","Optical Scan, accessible interface records votes directly into optical scan tabulation",
"4012900000","Oklahoma","Roger Mills County","2186","9","Assigned Polling Place","No","Hand marked paper ballots; Direct recording assistive interface without VVPAT for accessibility","Optical Scan, accessible interface records votes directly into optical scan tabulation",
"4013100000","Oklahoma","Rogers County","55915","38","Assigned Polling Place","No","Hand marked paper ballots; Direct recording assistive interface without VVPAT for accessibility","Optical Scan, accessible interface records votes directly into optical scan tabulation",
"4013300000","Oklahoma","Seminole County","10880","11","Assigned Polling Place","No","Hand marked paper ballots; Direct recording assistive interface without VVPAT for accessibility","Optical Scan, accessible interface records votes directly into optical scan tabulation",
"4013500000","Oklahoma","Sequoyah County","20463","25","Assigned Polling Place","No","Hand marked paper ballots; Direct recording assistive interface without VVPAT for accessibility","Optical Scan, accessible interface records votes directly into optical scan tabulation",
"4013700000","Oklahoma","Stephens County","24259","28","Assigned Polling Place","No","Hand marked paper ballots; Direct recording assistive interface without VVPAT for accessibility","Optical Scan, accessible interface records votes directly into optical scan tabulation",
"4013900000","Oklahoma","Texas County","7510","11","Assigned Polling Place","No","Hand marked paper ballots; Direct recording assistive interface without VVPAT for accessibility","Optical Scan, accessible interface records votes directly into optical scan tabulation",
"4014100000","Oklahoma","Tillman County","3399","8","Assigned Polling Place","No","Hand marked paper ballots; Direct recording assistive interface without VVPAT for accessibility","Optical Scan, accessible interface records votes directly into optical scan tabulation",
"4014300000","Oklahoma","Tulsa County","333577","252","Assigned Polling Place","No","Hand marked paper ballots; Direct recording assistive interface without VVPAT for accessibility","Optical Scan, accessible interface records votes directly into optical scan tabulation",
"4014500000","Oklahoma","Wagoner County","44460","27","Assigned Polling Place","No","Hand marked paper ballots; Direct recording assistive interface without VVPAT for accessibility","Optical Scan, accessible interface records votes directly into optical scan tabulation",
"4014700000","Oklahoma","Washington County","30128","27","Assigned Polling Place","No","Hand marked paper ballots; Direct recording assistive interface without VVPAT for accessibility","Optical Scan, accessible interface records votes directly into optical scan tabulation",
"4014900000","Oklahoma","Washita County","5936","12","Assigned Polling Place","No","Hand marked paper ballots; Direct recording assistive interface without VVPAT for accessibility","Optical Scan, accessible interface records votes directly into optical scan tabulation",
"4015100000","Oklahoma","Woods County","4440","6","Assigned Polling Place","No","Hand marked paper ballots; Direct recording assistive interface without VVPAT for accessibility","Optical Scan, accessible interface records votes directly into optical scan tabulation",
"4015300000","Oklahoma","Woodward County","9931","14","Assigned Polling Place","No","Hand marked paper ballots; Direct recording assistive interface without VVPAT for accessibility","Optical Scan, accessible interface records votes directly into optical scan tabulation",
"4100100000","Oregon","Baker County","12957","17","Election Office","Yes","Hand marked paper ballots and BMDs","Optical Scan",
"4100300000","Oregon","Benton County","60906","21","Election Office","Yes","Hand marked paper ballots and BMDs","Optical Scan",
"4100500000","Oregon","Clackamas County","313871","90","Election Office","Yes","Hand marked paper ballots and BMDs","Optical Scan",
"4100700000","Oregon","Clatsop County","31145","25","Election Office","Yes","Hand marked paper ballots and BMDs","Optical Scan",
"4100900000","Oregon","Columbia County","41556","33","Election Office","Yes","Hand marked paper ballots and BMDs","Optical Scan",
"4101100000","Oregon","Coos County","49193","18","Election Office","Yes","Hand marked paper ballots and BMDs","Optical Scan",
"4101300000","Oregon","Crook County","20819","17","Election Office","Yes","Hand marked paper ballots and BMDs","Optical Scan",
"4101500000","Oregon","Curry County","19183","27","Election Office","Yes","Hand marked paper ballots and BMDs","Optical Scan",
"4101700000","Oregon","Deschutes County","155299","50","Election Office","Yes","Hand marked paper ballots and BMDs","Optical Scan",
"4101900000","Oregon","Douglas County","87758","29","Election Office","Yes","Hand marked paper ballots and BMDs","Optical Scan",
"4102100000","Oregon","Gilliam County","1413","3","Election Office","Yes","Hand marked paper ballots and BMDs","Optical Scan",
"4102300000","Oregon","Grant County","5643","5","Election Office","Yes","Hand marked paper ballots and BMDs","Optical Scan",
"4102500000","Oregon","Harney County","5611","3","Election Office","Yes","Hand marked paper ballots and BMDs","Optical Scan",
"4102700000","Oregon","Hood River County","16261","13","Election Office","Yes","Hand marked paper ballots and BMDs","Optical Scan",
"4102900000","Oregon","Jackson County","159829","52","Election Office","Yes","Hand marked paper ballots and BMDs","Optical Scan",
"4103100000","Oregon","Jefferson County","17002","17","Election Office","Yes","Hand marked paper ballots and BMDs","Optical Scan",
"4103300000","Oregon","Josephine County","69713","47","Election Office","Yes","Hand marked paper ballots and BMDs","Optical Scan",
"4103500000","Oregon","Klamath County","50431","45","Election Office","Yes","Hand marked paper ballots and BMDs","Optical Scan",
"4103700000","Oregon","Lake County","5604","19","Election Office","Yes","Hand marked paper ballots and BMDs","Optical Scan",
"4103900000","Oregon","Lane County","272736","66","Election Office","Yes","Hand marked paper ballots and BMDs","Optical Scan",
"4104100000","Oregon","Lincoln County","39509","32","Election Office","Yes","Hand marked paper ballots and BMDs","Optical Scan",
"4104300000","Oregon","Linn County","97542","85","Election Office","Yes","Hand marked paper ballots and BMDs","Optical Scan",
"4104500000","Oregon","Malheur County","17554","25","Election Office","Yes","Hand marked paper ballots and BMDs","Optical Scan",
"4104700000","Oregon","Marion County","221019","118","Election Office","Yes","Hand marked paper ballots and BMDs","Optical Scan",
"4104900000","Oregon","Morrow County","7010","5","Election Office","Yes","Hand marked paper ballots and BMDs","Optical Scan",
"4105100000","Oregon","Multnomah County","566439","107","Election Office","Yes","Hand marked paper ballots and BMDs","Optical Scan",
"4105300000","Oregon","Polk County","62869","16","Election Office","Yes","Hand marked paper ballots and BMDs","Optical Scan",
"4105500000","Oregon","Sherman County","1456","5","Election Office","Yes","Hand marked paper ballots and BMDs","Optical Scan",
"4105700000","Oregon","Tillamook County","21207","29","Election Office","Yes","Hand marked paper ballots and BMDs","Optical Scan",
"4105900000","Oregon","Umatilla County","48555","45","Election Office","Yes","Hand marked paper ballots and BMDs","Optical Scan",
"4106100000","Oregon","Union County","19217","19","Election Office","Yes","Hand marked paper ballots and BMDs","Optical Scan",
"4106300000","Oregon","Wallowa County","6323","12","Election Office","Yes","Hand marked paper ballots and BMDs","Optical Scan",
"4106500000","Oregon","Wasco County","18548","12","Election Office","Yes","Hand marked paper ballots and BMDs","Optical Scan",
"4106700000","Oregon","Washington County","385810","155","Election Office","Yes","Hand marked paper ballots and BMDs","Optical Scan",
"4106900000","Oregon","Wheeler County","1074","3","Election Office","Yes","Hand marked paper ballots and BMDs","Optical Scan",
"4107100000","Oregon","Yamhill County","74758","23","Election Office","Yes","Hand marked paper ballots and BMDs","Optical Scan",
"4200100000","Pennsylvania","Adams County","67349","50","Assigned Polling Place","No","Hand marked paper ballots and BMDs","Optical Scan",
"4200300000","Pennsylvania","Allegheny County","835066","1323","Assigned Polling Place","No","Hand marked paper ballots and BMDs","Optical Scan",
"4200500000","Pennsylvania","Armstrong County","40277","62","Assigned Polling Place","No","Hand marked paper ballots and BMDs","Optical Scan",
"4200700000","Pennsylvania","Beaver County","105702","129","Assigned Polling Place","No","Hand marked paper ballots and BMDs","Optical Scan",
"4200900000","Pennsylvania","Bedford County","30539","40","Assigned Polling Place","No","Hand marked paper ballots and BMDs","Optical Scan",
"4201100000","Pennsylvania","Berks County","239841","202","Assigned Polling Place","No","Ballot Marking Devices for all voters","Optical Scan",
"4201300000","Pennsylvania","Blair County","75896","93","Assigned Polling Place","No","Hand marked paper ballots and BMDs","Optical Scan",
"4201500000","Pennsylvania","Bradford County","34321","61","Assigned Polling Place","No","Ballot Marking Devices for all voters","Optical Scan",
"4201700000","Pennsylvania","Bucks County","445988","304","Assigned Polling Place","No","Hand marked paper ballots and BMDs","Optical Scan",
"4201900000","Pennsylvania","Butler County","128958","89","Assigned Polling Place","No","Hand marked paper ballots and BMDs","Optical Scan",
"4202100000","Pennsylvania","Cambria County","79694","125","Assigned Polling Place","No","Hand marked paper ballots and BMDs","Optical Scan",
"4202300000","Pennsylvania","Cameron County","2774","10","Assigned Polling Place","No","Ballot Marking Devices for all voters","BMD/Tabulator",
"4202500000","Pennsylvania","Carbon County","39881","51","Assigned Polling Place","No","Hand marked paper ballots and BMDs","Optical Scan",
"4202700000","Pennsylvania","Centre County","89030","88","Assigned Polling Place","No","Hand marked paper ballots and BMDs","Optical Scan",
"4202900000","Pennsylvania","Chester County","349299","230","Assigned Polling Place","No","Hand marked paper ballots and BMDs","Optical Scan",
"4203100000","Pennsylvania","Clarion County","21639","41","Assigned Polling Place","No","Hand marked paper ballots and BMDs","Optical Scan",
"4203300000","Pennsylvania","Clearfield County","46044","70","Assigned Polling Place","No","Hand marked paper ballots and BMDs","Optical Scan",
"4203500000","Pennsylvania","Clinton County","20287","34","Assigned Polling Place","No","Hand marked paper ballots and BMDs","Optical Scan",
"4203700000","Pennsylvania","Columbia County","36035","42","Assigned Polling Place","No","Ballot Marking Devices for all voters","Optical Scan",
"4203900000","Pennsylvania","Crawford County","48336","68","Assigned Polling Place","No","Ballot Marking Devices for all voters","Optical Scan",
"4204100000","Pennsylvania","Cumberland County","159882","118","Assigned Polling Place","No","Ballot Marking Devices for all voters","BMD/Tabulator",
"4204300000","Pennsylvania","Dauphin County","173745","159","Assigned Polling Place","No","Hand marked paper ballots and BMDs","Optical Scan",
"4204500000","Pennsylvania","Delaware County","374020","428","Assigned Polling Place","No","Hand marked paper ballots and BMDs","Optical Scan",
"4204700000","Pennsylvania","Elk County","19098","30","Assigned Polling Place","No","Ballot Marking Devices for all voters","BMD/Tabulator",
"4204900000","Pennsylvania","Erie County","158132","149","Assigned Polling Place","No","Hand marked paper ballots and BMDs","Optical Scan",
"4205100000","Pennsylvania","Fayette County","71878","77","Assigned Polling Place","No","Hand marked paper ballots and BMDs","Optical Scan",
"4205300000","Pennsylvania","Forest County","3025","9","Assigned Polling Place","No","Ballot Marking Devices for all voters","Optical Scan",
"4205500000","Pennsylvania","Franklin County","92622","73","Assigned Polling Place","No","Hand marked paper ballots and BMDs","Optical Scan",
"4205700000","Pennsylvania","Fulton County","9104","13","Assigned Polling Place","No","Hand marked paper ballots and BMDs","Optical Scan",
"4205900000","Pennsylvania","Greene County","19895","42","Assigned Polling Place","No","Ballot Marking Devices for all voters","Optical Scan",
"4206100000","Pennsylvania","Huntingdon County","25598","58","Assigned Polling Place","No","Hand marked paper ballots and BMDs","Optical Scan",
"4206300000","Pennsylvania","Indiana County","43511","69","Assigned Polling Place","No","Hand marked paper ballots and BMDs","Optical Scan",
"4206500000","Pennsylvania","Jefferson County","25737","37","Assigned Polling Place","No","Hand marked paper ballots and BMDs","Optical Scan",
"4206700000","Pennsylvania","Juniata County","13265","18","Assigned Polling Place","No","Hand marked paper ballots and BMDs","Optical Scan",
"4206900000","Pennsylvania","Lackawanna County","134364","163","Assigned Polling Place","No","Hand marked paper ballots and BMDs","Optical Scan",
"4207100000","Pennsylvania","Lancaster County","325700","241","Assigned Polling Place","No","Hand marked paper ballots and BMDs","Optical Scan",
"4207300000","Pennsylvania","Lawrence County","52777","75","Assigned Polling Place","No","Hand marked paper ballots and BMDs","Optical Scan",
"4207500000","Pennsylvania","Lebanon County","84647","60","Assigned Polling Place","No","Hand marked paper ballots and BMDs","Optical Scan",
"4207700000","Pennsylvania","Lehigh County","221184","161","Assigned Polling Place","No","Hand marked paper ballots and BMDs","Optical Scan",
"4207900000","Pennsylvania","Luzerne County","183041","186","Assigned Polling Place","No","Ballot Marking Devices for all voters","Optical Scan",
"4208100000","Pennsylvania","Lycoming County","66353","81","Assigned Polling Place","No","Hand marked paper ballots and BMDs","Optical Scan",
"4208300000","Pennsylvania","McKean County","22646","42","Assigned Polling Place","No","Ballot Marking Devices for all voters","BMD/Tabulator",
"4208500000","Pennsylvania","Mercer County","66403","90","Assigned Polling Place","No","Hand marked paper ballots and BMDs","Optical Scan",
"4208700000","Pennsylvania","Mifflin County","24560","26","Assigned Polling Place","No","Hand marked paper ballots and BMDs","Optical Scan",
"4208900000","Pennsylvania","Monroe County","99455","52","Assigned Polling Place","No","Hand marked paper ballots and BMDs","Optical Scan",
"4209100000","Pennsylvania","Montgomery County","567108","426","Assigned Polling Place","No","Hand marked paper ballots and BMDs","Optical Scan",
"4209300000","Pennsylvania","Montour County","11131","15","Assigned Polling Place","No","Hand marked paper ballots and BMDs","Optical Scan",
"4209500000","Pennsylvania","Northampton County","203013","154","Assigned Polling Place","No","Ballot Marking Devices for all voters","BMD/Tabulator",
"4209700000","Pennsylvania","Northumberland County","50996","74","Assigned Polling Place","No","Ballot Marking Devices for all voters","BMD/Tabulator",
"4209900000","Pennsylvania","Perry County","28218","31","Assigned Polling Place","No","Hand marked paper ballots and BMDs","Optical Scan",
"4210100000","Pennsylvania","Philadelphia County","942299","1703","Assigned Polling Place","No","Ballot Marking Devices for all voters","BMD/Tabulator",
"4210300000","Pennsylvania","Pike County","38780","18","Assigned Polling Place","No","Hand marked paper ballots and BMDs","Optical Scan",
"4210500000","Pennsylvania","Potter County","10390","32","Assigned Polling Place","No","Ballot Marking Devices for all voters","BMD/Tabulator",
"4210700000","Pennsylvania","Schuylkill County","82909","125","Assigned Polling Place","No","Hand marked paper ballots and BMDs","Optical Scan",
"4210900000","Pennsylvania","Snyder County","21394","25","Assigned Polling Place","No","Hand marked paper ballots and BMDs","Optical Scan",
"4211100000","Pennsylvania","Somerset County","45312","68","Assigned Polling Place","No","Hand marked paper ballots and BMDs","Optical Scan",
"4211300000","Pennsylvania","Sullivan County","4118","15","Assigned Polling Place","No","Hand marked paper ballots and BMDs","Optical Scan",
"4211500000","Pennsylvania","Susquehanna County","25678","41","Assigned Polling Place","No","Ballot Marking Devices for all voters","Optical Scan",
"4211700000","Pennsylvania","Tioga County","23970","41","Assigned Polling Place","No","Hand marked paper ballots and BMDs","Optical Scan",
"4211900000","Pennsylvania","Union County","23171","27","Assigned Polling Place","No","Ballot Marking Devices for all voters","Optical Scan",
"4212100000","Pennsylvania","Venango County","30588","45","Assigned Polling Place","No","Hand marked paper ballots and BMDs","Optical Scan",
"4212300000","Pennsylvania","Warren County","21932","33","Assigned Polling Place","No","Ballot Marking Devices for all voters","Optical Scan",
"4212500000","Pennsylvania","Washington County","132890","180","Assigned Polling Place","No","Ballot Marking Devices for all voters","Optical Scan",
"4212700000","Pennsylvania","Wayne County","32423","36","Assigned Polling Place","No","Hand marked paper ballots and BMDs","Optical Scan",
"4212900000","Pennsylvania","Westmoreland County","233727","307","Assigned Polling Place","No","Ballot Marking Devices for all voters","Optical Scan",
"4213100000","Pennsylvania","Wyoming County","17004","29","Assigned Polling Place","No","Hand marked paper ballots and BMDs","Optical Scan",
"4213300000","Pennsylvania","York County","278736","161","Assigned Polling Place","No","Hand marked paper ballots and BMDs","Optical Scan",
"7200000000","Puerto Rico","Puerto Rico","2355894","1365","","No","Hand marked paper ballots and BMDs","Optical Scan",
"4400105140","Rhode Island","Town of Barrington (Bristol County)","13389","6","Assigned Polling Place","No","Hand marked paper ballots and BMDs","Optical Scan",
"4400109280","Rhode Island","Town of Bristol (Bristol County)","14877","8","Assigned Polling Place","No","Hand marked paper ballots and BMDs","Optical Scan",
"4400173760","Rhode Island","Town of Warren (Bristol County)","7928","4","Assigned Polling Place","No","Hand marked paper ballots and BMDs","Optical Scan",
"4400318640","Rhode Island","Town of Coventry (Kent County)","26651","17","Assigned Polling Place","No","Hand marked paper ballots and BMDs","Optical Scan",
"4400322240","Rhode Island","Town of East Greenwich (Kent County)","10710","5","Assigned Polling Place","No","Hand marked paper ballots and BMDs","Optical Scan",
"4400374300","Rhode Island","City of Warwick (Kent County)","62520","34","Assigned Polling Place","No","Hand marked paper ballots and BMDs","Optical Scan",
"4400377720","Rhode Island","Town of West Greenwich (Kent County)","5152","7","Assigned Polling Place","No","Hand marked paper ballots and BMDs","Optical Scan",
"4400378440","Rhode Island","Town of West Warwick (Kent County)","20193","4","Assigned Polling Place","No","Hand marked paper ballots and BMDs","Optical Scan",
"4400536820","Rhode Island","Town of Jamestown (Newport County)","4816","2","Assigned Polling Place","No","Hand marked paper ballots and BMDs","Optical Scan",
"4400542400","Rhode Island","Town of Little Compton (Newport County)","3121","1","Assigned Polling Place","No","Hand marked paper ballots and BMDs","Optical Scan",
"4400545460","Rhode Island","Town of Middletown (Newport County)","10863","5","Assigned Polling Place","No","Hand marked paper ballots and BMDs","Optical Scan",
"4400549960","Rhode Island","City of Newport (Newport County)","13311","1","Assigned Polling Place","No","Hand marked paper ballots and BMDs","Optical Scan",
"4400557880","Rhode Island","Town of Portsmouth (Newport County)","13778","7","Assigned Polling Place","No","Hand marked paper ballots and BMDs","Optical Scan",
"4400570880","Rhode Island","Town of Tiverton (Newport County)","12691","7","Assigned Polling Place","No","Hand marked paper ballots and BMDs","Optical Scan",
"4400711800","Rhode Island","Town of Burrillville (Providence County)","11777","6","Assigned Polling Place","No","Hand marked paper ballots and BMDs","Optical Scan",
"4400714140","Rhode Island","City of Central Falls (Providence County)","7696","7","Assigned Polling Place","No","Hand marked paper ballots and BMDs","Optical Scan",
"4400719180","Rhode Island","City of Cranston (Providence County)","55735","26","Assigned Polling Place","No","Hand marked paper ballots and BMDs","Optical Scan",
"4400720080","Rhode Island","Town of Cumberland (Providence County)","25713","14","Assigned Polling Place","No","Hand marked paper ballots and BMDs","Optical Scan",
"4400722960","Rhode Island","City of East Providence (Providence County)","32981","17","Assigned Polling Place","No","Hand marked paper ballots and BMDs","Optical Scan",
"4400727460","Rhode Island","Town of Foster (Providence County)","3725","2","Assigned Polling Place","No","Hand marked paper ballots and BMDs","Optical Scan",
"4400730340","Rhode Island","Town of Glocester (Providence County)","8215","5","Assigned Polling Place","No","Hand marked paper ballots and BMDs","Optical Scan",
"4400737720","Rhode Island","Town of Johnston (Providence County)","22307","12","Assigned Polling Place","No","Hand marked paper ballots and BMDs","Optical Scan",
"4400741500","Rhode Island","Town of Lincoln (Providence County)","16802","11","Assigned Polling Place","No","Hand marked paper ballots and BMDs","Optical Scan",
"4400751760","Rhode Island","Town of North Providence (Providence County)","23828","13","Assigned Polling Place","No","Hand marked paper ballots and BMDs","Optical Scan",
"4400752480","Rhode Island","Town of North Smithfield (Providence County)","9258","5","Assigned Polling Place","No","Hand marked paper ballots and BMDs","Optical Scan",
"4400754640","Rhode Island","City of Pawtucket (Providence County)","41860","28","Assigned Polling Place","No","Hand marked paper ballots and BMDs","Optical Scan",
"4400759000","Rhode Island","City of Providence (Providence County)","98966","82","Assigned Polling Place","No","Hand marked paper ballots and BMDs","Optical Scan",
"4400764220","Rhode Island","Town of Scituate (Providence County)","8623","3","Assigned Polling Place","No","Hand marked paper ballots and BMDs","Optical Scan",
"4400766200","Rhode Island","Town of Smithfield (Providence County)","14915","6","Assigned Polling Place","No","Hand marked paper ballots and BMDs","Optical Scan",
"4400780780","Rhode Island","City of Woonsocket (Providence County)","22043","12","Assigned Polling Place","No","Hand marked paper ballots and BMDs","Optical Scan",
"4400914500","Rhode Island","Town of Charlestown (Washington County)","6695","4","Assigned Polling Place","No","Hand marked paper ballots and BMDs","Optical Scan",
"4400925300","Rhode Island","Town of Exeter (Washington County)","5202","3","Assigned Polling Place","No","Hand marked paper ballots and BMDs","Optical Scan",
"4400935380","Rhode Island","Town of Hopkinton (Washington County)","6460","3","Assigned Polling Place","No","Hand marked paper ballots and BMDs","Optical Scan",
"4400948340","Rhode Island","Town of Narragansett (Washington County)","11584","4","Assigned Polling Place","No","Hand marked paper ballots and BMDs","Optical Scan",
"4400950500","Rhode Island","Town of New Shoreham (Washington County)","1108","9","Assigned Polling Place","No","Hand marked paper ballots and BMDs","Optical Scan",
"4400951580","Rhode Island","Town of North Kingstown (Washington County)","22366","10","Assigned Polling Place","No","Hand marked paper ballots and BMDs","Optical Scan",
"4400961160","Rhode Island","Town of Richmond (Washington County)","6360","3","Assigned Polling Place","No","Hand marked paper ballots and BMDs","Optical Scan",
"4400967460","Rhode Island","Town of South Kingstown (Washington County)","20774","11","Assigned Polling Place","No","Hand marked paper ballots and BMDs","Optical Scan",
"4400977000","Rhode Island","Town of Westerly (Washington County)","17691","10","Assigned Polling Place","No","Hand marked paper ballots and BMDs","Optical Scan",
"4500100000","South Carolina","Abbeville County","15932","16","Assigned Polling Place","No","Ballot Marking Devices for all voters","Optical Scan",
"4500300000","South Carolina","Aiken County","116106","87","Assigned Polling Place","No","Ballot Marking Devices for all voters","Optical Scan",
"4500500000","South Carolina","Allendale County","5127","9","Assigned Polling Place","No","Ballot Marking Devices for all voters","Optical Scan",
"4500700000","South Carolina","Anderson County","125758","80","Assigned Polling Place","No","Ballot Marking Devices for all voters","Optical Scan",
"4500900000","South Carolina","Bamberg County","8450","14","Assigned Polling Place","No","Ballot Marking Devices for all voters","Optical Scan",
"4501100000","South Carolina","Barnwell County","13508","16","Assigned Polling Place","No","Ballot Marking Devices for all voters","Optical Scan",
"4501300000","South Carolina","Beaufort County","138885","96","Assigned Polling Place","No","Ballot Marking Devices for all voters","Optical Scan",
"4501500000","South Carolina","Berkeley County","148987","97","Assigned Polling Place","No","Ballot Marking Devices for all voters","Optical Scan",
"4501700000","South Carolina","Calhoun County","10351","13","Assigned Polling Place","No","Ballot Marking Devices for all voters","Optical Scan",
"4501900000","South Carolina","Charleston County","263391","183","Assigned Polling Place","No","Ballot Marking Devices for all voters","Optical Scan",
"4502100000","South Carolina","Cherokee County","33515","30","Assigned Polling Place","No","Ballot Marking Devices for all voters","Optical Scan",
"4502300000","South Carolina","Chester County","20153","22","Assigned Polling Place","No","Ballot Marking Devices for all voters","Optical Scan",
"4502500000","South Carolina","Chesterfield County","26214","26","Assigned Polling Place","No","Ballot Marking Devices for all voters","Optical Scan",
"4502700000","South Carolina","Clarendon County","22073","26","Assigned Polling Place","No","Ballot Marking Devices for all voters","Optical Scan",
"4502900000","South Carolina","Colleton County","25412","33","Assigned Polling Place","No","Ballot Marking Devices for all voters","Optical Scan",
"4503100000","South Carolina","Darlington County","41624","33","Assigned Polling Place","No","Ballot Marking Devices for all voters","Optical Scan",
"4503300000","South Carolina","Dillon County","17764","20","Assigned Polling Place","No","Ballot Marking Devices for all voters","Optical Scan",
"4503500000","South Carolina","Dorchester County","106640","82","Assigned Polling Place","No","Ballot Marking Devices for all voters","Optical Scan",
"4503700000","South Carolina","Edgefield County","17922","13","Assigned Polling Place","No","Ballot Marking Devices for all voters","Optical Scan",
"4503900000","South Carolina","Fairfield County","15841","23","Assigned Polling Place","No","Ballot Marking Devices for all voters","Optical Scan",
"4504100000","South Carolina","Florence County","82867","64","Assigned Polling Place","No","Ballot Marking Devices for all voters","Optical Scan",
"4504300000","South Carolina","Georgetown County","48239","35","Assigned Polling Place","No","Ballot Marking Devices for all voters","Optical Scan",
"4504500000","South Carolina","Greenville County","344350","152","Assigned Polling Place","No","Ballot Marking Devices for all voters","Optical Scan",
"4504700000","South Carolina","Greenwood County","40290","51","Assigned Polling Place","No","Ballot Marking Devices for all voters","Optical Scan",
"4504900000","South Carolina","Hampton County","12078","19","Assigned Polling Place","No","Ballot Marking Devices for all voters","Optical Scan",
"4505100000","South Carolina","Horry County","261761","126","Assigned Polling Place","No","Ballot Marking Devices for all voters","Optical Scan",
"4505300000","South Carolina","Jasper County","22305","18","Assigned Polling Place","No","Ballot Marking Devices for all voters","Optical Scan",
"4505500000","South Carolina","Kershaw County","42841","33","Assigned Polling Place","No","Ballot Marking Devices for all voters","Optical Scan",
"4505700000","South Carolina","Lancaster County","69498","37","Assigned Polling Place","No","Ballot Marking Devices for all voters","Optical Scan",
"4505900000","South Carolina","Laurens County","39767","34","Assigned Polling Place","No","Ballot Marking Devices for all voters","Optical Scan",
"4506100000","South Carolina","Lee County","10576","23","Assigned Polling Place","No","Ballot Marking Devices for all voters","Optical Scan",
"4506300000","South Carolina","Lexington County","194908","97","Assigned Polling Place","No","Ballot Marking Devices for all voters","Optical Scan",
"4506700000","South Carolina","Marion County","20438","18","Assigned Polling Place","No","Ballot Marking Devices for all voters","Optical Scan",
"4506900000","South Carolina","Marlboro County","16264","16","Assigned Polling Place","No","Ballot Marking Devices for all voters","Optical Scan",
"4506500000","South Carolina","McCormick County","7612","12","Assigned Polling Place","No","Ballot Marking Devices for all voters","Optical Scan",
"4507100000","South Carolina","Newberry County","23705","31","Assigned Polling Place","No","Ballot Marking Devices for all voters","Optical Scan",
"4507300000","South Carolina","Oconee County","53974","32","Assigned Polling Place","No","Ballot Marking Devices for all voters","Optical Scan",
"4507500000","South Carolina","Orangeburg County","53542","54","Assigned Polling Place","No","Ballot Marking Devices for all voters","Optical Scan",
"4507700000","South Carolina","Pickens County","75969","62","Assigned Polling Place","No","Ballot Marking Devices for all voters","Optical Scan",
"4507900000","South Carolina","Richland County","270684","150","Assigned Polling Place","No","Ballot Marking Devices for all voters","Optical Scan",
"4508100000","South Carolina","Saluda County","11620","14","Assigned Polling Place","No","Ballot Marking Devices for all voters","Optical Scan",
"4508300000","South Carolina","Spartanburg County","202856","99","Assigned Polling Place","No","Ballot Marking Devices for all voters","Optical Scan",
"4508500000","South Carolina","Sumter County","66469","59","Assigned Polling Place","No","Ballot Marking Devices for all voters","Optical Scan",
"4508700000","South Carolina","Union County","16259","22","Assigned Polling Place","No","Ballot Marking Devices for all voters","Optical Scan",
"4508900000","South Carolina","Williamsburg County","20261","29","Assigned Polling Place","No","Ballot Marking Devices for all voters","Optical Scan",
"4509100000","South Carolina","York County","194131","99","Assigned Polling Place","No","Ballot Marking Devices for all voters","Optical Scan",
"4600300000","South Dakota","Aurora County","1810","5","Assigned Polling Place","No","Hand marked paper ballots and BMDs","Optical Scan",
"4600500000","South Dakota","Beadle County","10025","9","Assigned Polling Place","No","Hand marked paper ballots and BMDs","Optical Scan",
"4600700000","South Dakota","Bennett County","1871","4","Assigned Polling Place","No","Hand marked paper ballots and BMDs","Optical Scan",
"4600900000","South Dakota","Bon Homme County","3892","5","Assigned Polling Place","No","Hand marked paper ballots and BMDs","Optical Scan",
"4601100000","South Dakota","Brookings County","20292","9","Vote Center","No","Hand marked paper ballots and BMDs","Optical Scan",
"4601300000","South Dakota","Brown County","24716","12","Vote Center","No","Hand marked paper ballots and BMDs","Optical Scan",
"4601500000","South Dakota","Brule County","3282","4","Assigned Polling Place","No","Hand marked paper ballots and BMDs","Optical Scan",
"4601700000","South Dakota","Buffalo County","919","3","Assigned Polling Place","No","Hand marked paper ballots and BMDs","Optical Scan",
"4601900000","South Dakota","Butte County","6605","18","Assigned Polling Place","No","Hand marked paper ballots and BMDs","Optical Scan",
"4602100000","South Dakota","Campbell County","1128","5","Assigned Polling Place","No","Hand marked paper ballots and BMDs","Optical Scan",
"4602300000","South Dakota","Charles Mix County","5413","13","Assigned Polling Place","No","Hand marked paper ballots and BMDs","Optical Scan",
"4602500000","South Dakota","Clark County","2556","12","Assigned Polling Place","No","Hand marked paper ballots and BMDs","Optical Scan",
"4602700000","South Dakota","Clay County","8479","11","Assigned Polling Place","No","Hand marked paper ballots and BMDs","Optical Scan",
"4602900000","South Dakota","Codington County","17822","23","Assigned Polling Place","No","Hand marked paper ballots and BMDs","Optical Scan",
"4603100000","South Dakota","Corson County","2321","9","Assigned Polling Place","No","Hand marked paper ballots and BMDs","Optical Scan",
"4603300000","South Dakota","Custer County","7576","10","Assigned Polling Place","No","Hand marked paper ballots and BMDs","Optical Scan",
"4603500000","South Dakota","Davison County","12057","11","Assigned Polling Place","No","Hand marked paper ballots and BMDs","Optical Scan",
"4603700000","South Dakota","Day County","3950","11","Assigned Polling Place","No","Hand marked paper ballots and BMDs","Optical Scan",
"4603900000","South Dakota","Deuel County","3027","10","Assigned Polling Place","No","Hand marked paper ballots and BMDs","Optical Scan",
"4604100000","South Dakota","Dewey County","3338","11","Assigned Polling Place","No","Hand marked paper ballots and BMDs","Optical Scan",
"4604300000","South Dakota","Douglas County","2136","6","Assigned Polling Place","No","Hand marked paper ballots and BMDs","Optical Scan",
"4604500000","South Dakota","Edmunds County","2685","6","Assigned Polling Place","No","Hand marked paper ballots and BMDs","Optical Scan",
"4604700000","South Dakota","Fall River County","5986","9","Assigned Polling Place","No","Hand marked paper ballots and BMDs","Optical Scan",
"4604900000","South Dakota","Faulk County","1550","7","Assigned Polling Place","No","Hand marked paper ballots and BMDs","Optical Scan",
"4605100000","South Dakota","Grant County","4771","18","Assigned Polling Place","No","Hand marked paper ballots and BMDs","Optical Scan",
"4605300000","South Dakota","Gregory County","2852","3","Assigned Polling Place","No","Hand marked paper ballots and BMDs","Optical Scan",
"4605500000","South Dakota","Haakon County","1393","5","Vote Center","No","Hand marked paper ballots and BMDs","Optical Scan",
"4605700000","South Dakota","Hamlin County","4100","7","Assigned Polling Place","No","Hand marked paper ballots and BMDs","Optical Scan",
"4605900000","South Dakota","Hand County","2274","5","Assigned Polling Place","No","Hand marked paper ballots and BMDs","Optical Scan",
"4606100000","South Dakota","Hanson County","3278","5","Assigned Polling Place","No","Hand marked paper ballots and BMDs","Optical Scan",
"4606300000","South Dakota","Harding County","994","8","Assigned Polling Place","No","Hand marked paper ballots and BMDs","Optical Scan",
"4606500000","South Dakota","Hughes County","11724","6","Vote Center","No","Hand marked paper ballots and BMDs","Optical Scan",
"4606700000","South Dakota","Hutchinson County","4902","7","Assigned Polling Place","No","Hand marked paper ballots and BMDs","Optical Scan",
"4606900000","South Dakota","Hyde County","948","1","Vote Center","No","Hand marked paper ballots and BMDs","Optical Scan",
"4607100000","South Dakota","Jackson County","1839","8","Assigned Polling Place","No","Hand marked paper ballots and BMDs","Optical Scan",
"4607300000","South Dakota","Jerauld County","1240","5","Assigned Polling Place","No","Hand marked paper ballots and BMDs","Optical Scan",
"4607500000","South Dakota","Jones County","664","2","Assigned Polling Place","No","Hand marked paper ballots and BMDs","Optical Scan",
"4607700000","South Dakota","Kingsbury County","3627","7","Assigned Polling Place","No","Hand marked paper ballots and BMDs","Optical Scan",
"4607900000","South Dakota","Lake County","7969","10","Assigned Polling Place","No","Hand marked paper ballots and BMDs","Optical Scan",
"4608100000","South Dakota","Lawrence County","20208","11","Assigned Polling Place","No","Hand marked paper ballots and BMDs","Optical Scan",
"4608300000","South Dakota","Lincoln County","44647","31","Assigned Polling Place","No","Hand marked paper ballots and BMDs","Optical Scan",
"4608500000","South Dakota","Lyman County","2223","7","Assigned Polling Place","No","Hand marked paper ballots and BMDs","Optical Scan",
"4609100000","South Dakota","Marshall County","2812","9","Assigned Polling Place","No","Hand marked paper ballots and BMDs","Optical Scan",
"4608700000","South Dakota","McCook County","3838","6","Assigned Polling Place","No","Hand marked paper ballots and BMDs","Optical Scan",
"4608900000","South Dakota","McPherson County","1740","4","Assigned Polling Place","No","Hand marked paper ballots and BMDs","Optical Scan",
"4609300000","South Dakota","Meade County","20121","41","Assigned Polling Place","No","Hand marked paper ballots and BMDs","Optical Scan",
"4609500000","South Dakota","Mellette County","1133","4","Assigned Polling Place","No","Hand marked paper ballots and BMDs","Optical Scan",
"4609700000","South Dakota","Miner County","1583","8","Assigned Polling Place","No","Hand marked paper ballots and BMDs","Optical Scan",
"4609900000","South Dakota","Minnehaha County","131629","75","Assigned Polling Place","No","Hand marked paper ballots and BMDs","Optical Scan",
"4610100000","South Dakota","Moody County","4179","6","Assigned Polling Place","No","Hand marked paper ballots and BMDs","Optical Scan",
"4610200000","South Dakota","Oglala Lakota County","7771","8","Assigned Polling Place","No","Hand marked paper ballots and BMDs","Optical Scan",
"4610300000","South Dakota","Pennington County","86790","48","Assigned Polling Place","No","Hand marked paper ballots and BMDs","Optical Scan",
"4610500000","South Dakota","Perkins County","2123","10","Assigned Polling Place","No","Hand marked paper ballots and BMDs","Optical Scan",
"4610700000","South Dakota","Potter County","1711","3","Vote Center","No","Hand marked paper ballots and BMDs","Optical Scan",
"4610900000","South Dakota","Roberts County","6221","12","Assigned Polling Place","No","Hand marked paper ballots and BMDs","Optical Scan",
"4611100000","South Dakota","Sanborn County","1578","4","Assigned Polling Place","No","Hand marked paper ballots and BMDs","Optical Scan",
"4611500000","South Dakota","Spink County","4170","9","Assigned Polling Place","No","Hand marked paper ballots and BMDs","Optical Scan",
"4611700000","South Dakota","Stanley County","2151","3","Assigned Polling Place","No","Hand marked paper ballots and BMDs","Optical Scan",
"4611900000","South Dakota","Sully County","1133","3","Vote Center","No","Hand marked paper ballots and BMDs","Optical Scan",
"4612100000","South Dakota","Todd County","4565","11","Assigned Polling Place","No","Hand marked paper ballots and BMDs","Optical Scan",
"4612300000","South Dakota","Tripp County","3562","13","Assigned Polling Place","No","Hand marked paper ballots and BMDs","Optical Scan",
"4612500000","South Dakota","Turner County","5883","8","Assigned Polling Place","No","Hand marked paper ballots and BMDs","Optical Scan",
"4612700000","South Dakota","Union County","12351","12","Assigned Polling Place","No","Hand marked paper ballots and BMDs","Optical Scan",
"4612900000","South Dakota","Walworth County","3539","10","Assigned Polling Place","No","Hand marked paper ballots and BMDs","Optical Scan",
"4613500000","South Dakota","Yankton County","14635","7","Vote Center","No","Hand marked paper ballots and BMDs","Optical Scan",
"4613700000","South Dakota","Ziebach County","1612","8","Assigned Polling Place","No","Hand marked paper ballots and BMDs","Optical Scan",
"4700100000","Tennessee","Anderson County","48699","28","Assigned Polling Place","No","DREs without VVPAT for all voters","DRE",
"4700300000","Tennessee","Bedford County","27424","11","Assigned Polling Place","No","DREs without VVPAT for all voters","DRE",
"4700500000","Tennessee","Benton County","10561","6","Assigned Polling Place","No","Hand marked paper ballots and BMDs","Optical Scan",
"4700700000","Tennessee","Bledsoe County","8374","12","Assigned Polling Place","No","DREs without VVPAT for all voters","DRE",
"4700900000","Tennessee","Blount County","90095","28","Assigned Polling Place","No","DREs without VVPAT for all voters","DRE",
"4701100000","Tennessee","Bradley County","74772","18","Assigned Polling Place","No","DREs without VVPAT for all voters","DRE",
"4701300000","Tennessee","Campbell County","21829","21","Assigned Polling Place","No","DREs without VVPAT for all voters","DRE",
"4701500000","Tennessee","Cannon County","9221","9","Assigned Polling Place","No","DREs without VVPAT for all voters","DRE",
"4701700000","Tennessee","Carroll County","16589","15","Assigned Polling Place","No","DREs without VVPAT for all voters","DRE",
"4701900000","Tennessee","Carter County","33202","22","Assigned Polling Place","No","DREs without VVPAT for all voters","DRE",
"4702100000","Tennessee","Cheatham County","26323","9","Assigned Polling Place","No","Hand marked paper ballots and BMDs","Optical Scan",
"4702300000","Tennessee","Chester County","10365","9","Assigned Polling Place","No","Ballot Marking Devices for all voters","Optical Scan",
"4702500000","Tennessee","Claiborne County","19895","16","Assigned Polling Place","No","DREs without VVPAT for all voters","DRE",
"4702700000","Tennessee","Clay County","5024","7","Assigned Polling Place","No","DREs without VVPAT for all voters","DRE",
"4702900000","Tennessee","Cocke County","23483","18","Assigned Polling Place","No","DREs without VVPAT for all voters","DRE",
"4703100000","Tennessee","Coffee County","34794","17","Assigned Polling Place","No","Ballot Marking Devices for all voters","Optical Scan",
"4703300000","Tennessee","Crockett County","8238","12","Assigned Polling Place","No","Ballot Marking Devices for all voters","Optical Scan",
"4703500000","Tennessee","Cumberland County","45021","24","Assigned Polling Place","No","DREs without VVPAT for all voters","DRE",
"4703700000","Tennessee","Davidson County","395009","178","Assigned Polling Place","No","Ballot Marking Devices for all voters","Optical Scan",
"4704100000","Tennessee","DeKalb County","12848","12","Assigned Polling Place","No","DREs without VVPAT for all voters","DRE",
"4703900000","Tennessee","Decatur County","7374","9","Assigned Polling Place","No","Ballot Marking Devices for all voters","Optical Scan",
"4704300000","Tennessee","Dickson County","33298","13","Assigned Polling Place","No","Ballot Marking Devices for all voters","Optical Scan",
"4704500000","Tennessee","Dyer County","21381","15","Assigned Polling Place","No","DREs without VVPAT for all voters","DRE",
"4704700000","Tennessee","Fayette County","29320","16","Assigned Polling Place","No","DREs without VVPAT for all voters","DRE",
"4704900000","Tennessee","Fentress County","13100","13","Assigned Polling Place","No","DREs without VVPAT for all voters","DRE",
"4705100000","Tennessee","Franklin County","26941","18","Assigned Polling Place","No","DREs without VVPAT for all voters","DRE",
"4705300000","Tennessee","Gibson County","29818","22","Assigned Polling Place","No","DREs without VVPAT for all voters","DRE",
"4705500000","Tennessee","Giles County","19397","14","Assigned Polling Place","No","DREs without VVPAT for all voters","DRE",
"4705700000","Tennessee","Grainger County","14845","10","Assigned Polling Place","No","Hand marked paper ballots and BMDs","Optical Scan",
"4705900000","Tennessee","Greene County","42455","17","Assigned Polling Place","No","Ballot Marking Devices for all voters","Optical Scan",
"4706100000","Tennessee","Grundy County","7829","10","Assigned Polling Place","No","DREs without VVPAT for all voters","DRE",
"4706300000","Tennessee","Hamblen County","36571","16","Assigned Polling Place","No","DREs without VVPAT for all voters","DRE",
"4706500000","Tennessee","Hamilton County","240038","90","Assigned Polling Place","No","Hand marked paper ballots and BMDs","Optical Scan",
"4706700000","Tennessee","Hancock County","4151","7","Assigned Polling Place","No","DREs without VVPAT for all voters","DRE",
"4706900000","Tennessee","Hardeman County","14148","12","Assigned Polling Place","No","DREs without VVPAT for all voters","DRE",
"4707100000","Tennessee","Hardin County","16277","14","Assigned Polling Place","No","Ballot Marking Devices for all voters","Optical Scan",
"4707300000","Tennessee","Hawkins County","34880","19","Assigned Polling Place","No","DREs without VVPAT for all voters","DRE",
"4707500000","Tennessee","Haywood County","10559","11","Assigned Polling Place","No","Ballot Marking Devices for all voters","Optical Scan",
"4707700000","Tennessee","Henderson County","17182","14","Assigned Polling Place","No","Hand marked paper ballots and BMDs","Optical Scan",
"4707900000","Tennessee","Henry County","19654","10","Assigned Polling Place","No","DREs without VVPAT for all voters","DRE",
"4708100000","Tennessee","Hickman County","14889","14","Assigned Polling Place","No","DREs without VVPAT for all voters","DRE",
"4708300000","Tennessee","Houston County","5267","7","Assigned Polling Place","No","Ballot Marking Devices for all voters","Optical Scan",
"4708500000","Tennessee","Humphreys County","12090","8","Assigned Polling Place","No","DREs without VVPAT for all voters","DRE",
"4708700000","Tennessee","Jackson County","8268","13","Assigned Polling Place","No","DREs without VVPAT for all voters","DRE",
"4708900000","Tennessee","Jefferson County","33124","11","Assigned Polling Place","No","DREs without VVPAT for all voters","DRE",
"4709100000","Tennessee","Johnson County","10981","10","Assigned Polling Place","No","DREs without VVPAT for all voters","DRE",
"4709300000","Tennessee","Knox County","299777","103","Assigned Polling Place","No","Hand marked paper ballots and BMDs","Optical Scan",
"4709500000","Tennessee","Lake County","3251","3","Assigned Polling Place","No","Ballot Marking Devices for all voters","Optical Scan",
"4709700000","Tennessee","Lauderdale County","12498","10","Assigned Polling Place","No","DREs without VVPAT for all voters","DRE",
"4709900000","Tennessee","Lawrence County","25852","24","Assigned Polling Place","No","DREs without VVPAT for all voters","DRE",
"4710100000","Tennessee","Lewis County","8194","9","Assigned Polling Place","No","Ballot Marking Devices for all voters","Optical Scan",
"4710300000","Tennessee","Lincoln County","21504","20","Assigned Polling Place","No","Ballot Marking Devices for all voters","Optical Scan",
"4710500000","Tennessee","Loudon County","39972","15","Assigned Polling Place","No","Ballot Marking Devices for all voters","Optical Scan",
"4711100000","Tennessee","Macon County","14397","10","Assigned Polling Place","No","DREs without VVPAT for all voters","DRE",
"4711300000","Tennessee","Madison County","57789","29","Assigned Polling Place","No","Ballot Marking Devices for all voters","Optical Scan",
"4711500000","Tennessee","Marion County","19040","17","Assigned Polling Place","No","DREs without VVPAT for all voters","DRE",
"4711700000","Tennessee","Marshall County","20599","9","Assigned Polling Place","No","DREs without VVPAT for all voters","DRE",
"4711900000","Tennessee","Maury County","62140","22","Assigned Polling Place","No","DREs without VVPAT for all voters","DRE",
"4710700000","Tennessee","McMinn County","31520","15","Assigned Polling Place","No","Ballot Marking Devices for all voters","Optical Scan",
"4710900000","Tennessee","McNairy County","15488","16","Assigned Polling Place","No","Ballot Marking Devices for all voters","Optical Scan",
"4712100000","Tennessee","Meigs County","8061","6","Assigned Polling Place","No","DREs with VVPAT for all voters","DRE",
"4712300000","Tennessee","Monroe County","31019","13","Vote Center","No","Ballot Marking Devices for all voters","Optical Scan",
"4712500000","Tennessee","Montgomery County","126478","38","Assigned Polling Place","No","DREs without VVPAT for all voters","DRE",
"4712700000","Tennessee","Moore County","5283","5","Assigned Polling Place","No","Ballot Marking Devices for all voters","Optical Scan",
"4712900000","Tennessee","Morgan County","11389","12","Assigned Polling Place","No","Hand marked paper ballots and BMDs","Optical Scan",
"4713100000","Tennessee","Obion County","18495","12","Assigned Polling Place","No","DREs without VVPAT for all voters","DRE",
"4713300000","Tennessee","Overton County","14837","9","Assigned Polling Place","No","DREs without VVPAT for all voters","DRE",
"4713500000","Tennessee","Perry County","5309","10","Assigned Polling Place","No","DREs without VVPAT for all voters","DRE",
"4713700000","Tennessee","Pickett County","3980","9","Assigned Polling Place","No","Hand marked paper ballots and BMDs","Optical Scan",
"4713900000","Tennessee","Polk County","13209","9","Assigned Polling Place","No","Hand marked paper ballots and BMDs","Optical Scan",
"4714100000","Tennessee","Putnam County","46168","22","Assigned Polling Place","No","DREs without VVPAT for all voters","DRE",
"4714300000","Tennessee","Rhea County","20223","12","Assigned Polling Place","No","Hand marked paper ballots and BMDs","Optical Scan",
"4714500000","Tennessee","Roane County","35027","20","Assigned Polling Place","No","Ballot Marking Devices for all voters","Optical Scan",
"4714700000","Tennessee","Robertson County","46116","18","Assigned Polling Place","No","DREs without VVPAT for all voters","DRE",
"4714900000","Tennessee","Rutherford County","185389","33","Vote Center","No","DREs without VVPAT for all voters","DRE",
"4715100000","Tennessee","Scott County","12339","10","Assigned Polling Place","No","DREs without VVPAT for all voters","DRE",
"4715300000","Tennessee","Sequatchie County","10397","9","Assigned Polling Place","No","DREs without VVPAT for all voters","DRE",
"4715500000","Tennessee","Sevier County","66731","25","Assigned Polling Place","No","Ballot Marking Devices for all voters","Optical Scan",
"4715700000","Tennessee","Shelby County","548083","142","Assigned Polling Place","No","Hand marked paper ballots and BMDs","Optical Scan",
"4715900000","Tennessee","Smith County","12393","8","Assigned Polling Place","No","DREs without VVPAT for all voters","DRE",
"4716100000","Tennessee","Stewart County","9214","7","Assigned Polling Place","No","DREs without VVPAT for all voters","DRE",
"4716300000","Tennessee","Sullivan County","107711","25","Assigned Polling Place","No","Hand marked paper ballots and BMDs","Optical Scan",
"4716500000","Tennessee","Sumner County","124374","29","Assigned Polling Place","No","DREs without VVPAT for all voters","DRE",
"4716700000","Tennessee","Tipton County","38237","9","Assigned Polling Place","No","DREs without VVPAT for all voters","DRE",
"4716900000","Tennessee","Trousdale County","5988","10","Assigned Polling Place","No","DREs without VVPAT for all voters","DRE",
"4717100000","Tennessee","Unicoi County","10966","8","Assigned Polling Place","No","DREs without VVPAT for all voters","DRE",
"4717300000","Tennessee","Union County","11205","9","Assigned Polling Place","No","DREs without VVPAT for all voters","DRE",
"4717500000","Tennessee","Van Buren County","4280","7","Assigned Polling Place","No","DREs without VVPAT for all voters","DRE",
"4717700000","Tennessee","Warren County","23095","20","Assigned Polling Place","No","DREs without VVPAT for all voters","DRE",
"4717900000","Tennessee","Washington County","82608","23","Assigned Polling Place","No","DREs without VVPAT for all voters","DRE",
"4718100000","Tennessee","Wayne County","9611","14","Assigned Polling Place","No","DREs without VVPAT for all voters","DRE",
"4718300000","Tennessee","Weakley County","17048","9","Assigned Polling Place","No","Ballot Marking Devices for all voters","Optical Scan",
"4718500000","Tennessee","White County","16924","11","Assigned Polling Place","No","Hand marked paper ballots and BMDs","Optical Scan",
"4718700000","Tennessee","Williamson County","165349","34","Vote Center","No","Ballot Marking Devices for all voters","Optical Scan",
"4718900000","Tennessee","Wilson County","93005","25","Vote Center","No","Ballot Marking Devices for all voters","Optical Scan",
"4800100000","Texas","Anderson County","26888","23","Assigned Polling Place","No","Ballot Marking Devices for all voters","Optical Scan",
"4800300000","Texas","Andrews County","8907","4","Assigned Polling Place","No","Ballot Marking Devices for all voters","Optical Scan",
"4800500000","Texas","Angelina County","49311","41","Vote Center","No","Ballot Marking Devices for all voters","Optical Scan",
"4800700000","Texas","Aransas County","16249","6","Vote Center","No","Ballot Marking Devices for all voters","Optical Scan",
"4800900000","Texas","Archer County","6206","13","Vote Center","No","Ballot Marking Devices for all voters","Optical Scan",
"4801100000","Texas","Armstrong County","1325","7","Assigned Polling Place","No","Ballot Marking Devices for all voters","Optical Scan",
"4801300000","Texas","Atascosa County","26716","20","Vote Center","No","Ballot Marking Devices for all voters","Optical Scan and DRE",
"4801500000","Texas","Austin County","18983","15","Vote Center","No","Ballot Marking Devices for all voters","Optical Scan",
"4801700000","Texas","Bailey County","3067","4","Assigned Polling Place","No","Ballot Marking Devices for all voters","Optical Scan",
"4801900000","Texas","Bandera County","17037","10","Assigned Polling Place","No","Ballot Marking Devices for all voters","Optical Scan",
"4802100000","Texas","Bastrop County","50597","26","Vote Center","No","Ballot Marking Devices for all voters","Optical Scan",
"4802300000","Texas","Baylor County","2203","4","Assigned Polling Place","No","Ballot Marking Devices for all voters","Optical Scan",
"4802500000","Texas","Bee County","13468","13","Vote Center","No","Ballot Marking Devices for all voters","Optical Scan",
"4802700000","Texas","Bell County","185404","62","Vote Center","No","Ballot Marking Devices for all voters","Optical Scan",
"4802900000","Texas","Bexar County","1079548","776","Vote Center","No","Ballot Marking Devices for all voters","Optical Scan and DRE",
"4803100000","Texas","Blanco County","9348","4","Vote Center","No","Ballot Marking Devices for all voters","Optical Scan",
"4803300000","Texas","Borden County","420","7","Assigned Polling Place","No","Hand marked paper ballots and BMDs","Optical Scan",
"4803500000","Texas","Bosque County","11793","11","Assigned Polling Place","No","Hand marked paper ballots and BMDs","Optical Scan",
"4803700000","Texas","Bowie County","53112","49","Vote Center","No","Ballot Marking Devices for all voters","Optical Scan",
"4803900000","Texas","Brazoria County","218815","78","Vote Center","No","Ballot Marking Devices for all voters","Optical Scan",
"4804100000","Texas","Brazos County","107744","109","Vote Center","No","Ballot Marking Devices for all voters","Optical Scan",
"4804300000","Texas","Brewster County","6138","8","Assigned Polling Place","No","Hand marked paper ballots and BMDs","Optical Scan",
"4804500000","Texas","Briscoe County","909","5","Assigned Polling Place","No","Ballot Marking Devices for all voters","Optical Scan",
"4804700000","Texas","Brooks County","4277","5","Assigned Polling Place","No","Hand marked paper ballots and DREs without VVPAT","Optical Scan and DRE",
"4804900000","Texas","Brown County","22239","18","Vote Center","No","Ballot Marking Devices for all voters","Optical Scan",
"4805100000","Texas","Burleson County","11625","13","Assigned Polling Place","No","Ballot Marking Devices for all voters","Optical Scan",
"4805300000","Texas","Burnet County","34391","20","Vote Center","No","DREs without VVPAT for all voters","DRE",
"4805500000","Texas","Caldwell County","22096","24","Assigned Polling Place","No","Ballot Marking Devices for all voters","Optical Scan",
"4805700000","Texas","Calhoun County","11358","11","Assigned Polling Place","No","Hand marked paper ballots and BMDs","Optical Scan",
"4805900000","Texas","Callahan County","9087","8","Vote Center","No","Ballot Marking Devices for all voters","Optical Scan",
"4806100000","Texas","Cameron County","205834","101","Assigned Polling Place","No","Hand marked paper ballots and BMDs","Optical Scan",
"4806300000","Texas","Camp County","7326","3","Assigned Polling Place","No","Hand marked paper ballots and BMDs","Optical Scan",
"4806500000","Texas","Carson County","3842","8","Assigned Polling Place","No","Ballot Marking Devices for all voters","Optical Scan",
"4806700000","Texas","Cass County","18744","18","Assigned Polling Place","No","Hand marked paper ballots and BMDs","Optical Scan",
"4806900000","Texas","Castro County","3273","8","Assigned Polling Place","No","DREs without VVPAT for all voters","DRE",
"4807100000","Texas","Chambers County","31170","18","Vote Center","No","Ballot Marking Devices for all voters","Optical Scan",
"4807300000","Texas","Cherokee County","27741","25","Vote Center","No","Ballot Marking Devices for all voters","Optical Scan",
"4807500000","Texas","Childress County","3388","4","Assigned Polling Place","No","Hand marked paper ballots and BMDs","Optical Scan",
"4807700000","Texas","Clay County","7314","16","Assigned Polling Place","No","Hand marked paper ballots and BMDs","Optical Scan",
"4807900000","Texas","Cochran County","1440","5","Assigned Polling Place","No","Hand marked paper ballots and BMDs","Optical Scan",
"4808100000","Texas","Coke County","2255","4","Assigned Polling Place","No","Ballot Marking Devices for all voters","Optical Scan",
"4808300000","Texas","Coleman County","5468","4","Assigned Polling Place","No","Ballot Marking Devices for all voters","Optical Scan",
"4808500000","Texas","Collin County","616228","248","Vote Center","No","Ballot Marking Devices for all voters","Optical Scan and DRE",
"4808700000","Texas","Collingsworth County","1849","8","Assigned Polling Place","No","Hand marked paper ballots and BMDs","Optical Scan",
"4808900000","Texas","Colorado County","13079","11","Assigned Polling Place","No","Hand marked paper ballots and BMDs","Optical Scan",
"4809100000","Texas","Comal County","118261","34","Vote Center","No","Ballot Marking Devices for all voters","Optical Scan",
"4809300000","Texas","Comanche County","8880","14","Assigned Polling Place","No","Hand marked paper ballots and BMDs","Optical Scan",
"4809500000","Texas","Concho County","1606","5","Assigned Polling Place","No","Hand marked paper ballots and BMDs","Optical Scan",
"4809700000","Texas","Cooke County","26259","15","Assigned Polling Place","No","Ballot Marking Devices for all voters","Optical Scan",
"4809900000","Texas","Coryell County","35663","16","Vote Center","No","Ballot Marking Devices for all voters","Optical Scan",
"4810100000","Texas","Cottle County","808","4","Assigned Polling Place","No","Hand marked paper ballots and BMDs","Optical Scan",
"4810300000","Texas","Crane County","2418","4","Assigned Polling Place","No","Ballot Marking Devices for all voters","Optical Scan",
"4810500000","Texas","Crockett County","2093","4","Assigned Polling Place","No","Hand marked paper ballots and BMDs","Optical Scan",
"4810700000","Texas","Crosby County","3154","4","Assigned Polling Place","No","Hand marked paper ballots and BMDs","Optical Scan",
"4810900000","Texas","Culberson County","1476","4","Assigned Polling Place","No","Hand marked paper ballots and BMDs","Optical Scan",
"4811100000","Texas","Dallam County","2448","9","Assigned Polling Place","No","Ballot Marking Devices for all voters","Optical Scan",
"4811300000","Texas","Dallas County","1285815","885","Vote Center","No","Ballot Marking Devices for all voters","Optical Scan",
"4811500000","Texas","Dawson County","6056","9","Assigned Polling Place","No","Ballot Marking Devices for all voters","Optical Scan",
"4812300000","Texas","DeWitt County","11092","9","Vote Center","No","DREs without VVPAT for all voters","DRE",
"4811700000","Texas","Deaf Smith County","7600","4","Vote Center","No","Ballot Marking Devices for all voters","Optical Scan",
"4811900000","Texas","Delta County","3644","7","Assigned Polling Place","No","Ballot Marking Devices for all voters","Optical Scan",
"4812100000","Texas","Denton County","536968","238","Assigned Polling Place","No","Hand marked paper ballots and BMDs","Optical Scan",
"4812500000","Texas","Dickens County","1295","7","Assigned Polling Place","No","Hand marked paper ballots and BMDs","Optical Scan",
"4812700000","Texas","Dimmit County","6314","7","Assigned Polling Place","No","Hand marked paper ballots and BMDs","Optical Scan",
"4812900000","Texas","Donley County","2148","5","Assigned Polling Place","No","Hand marked paper ballots and BMDs","Optical Scan",
"4813100000","Texas","Duval County","7568","10","Assigned Polling Place","No","Hand marked paper ballots and BMDs","Optical Scan",
"4813300000","Texas","Eastland County","10964","10","Vote Center","No","Ballot Marking Devices for all voters","Optical Scan",
"4813500000","Texas","Ector County","74408","41","Vote Center","No","DREs without VVPAT for all voters","DRE",
"4813700000","Texas","Edwards County","1282","4","Assigned Polling Place","No","Hand marked paper ballots and BMDs","Optical Scan",
"4814100000","Texas","El Paso County","450576","221","Vote Center","No","Ballot Marking Devices for all voters","Optical Scan and DRE",
"4813900000","Texas","Ellis County","119689","59","Vote Center","No","Ballot Marking Devices for all voters","Optical Scan",
"4814300000","Texas","Erath County","22379","22","Vote Center","No","Ballot Marking Devices for all voters","Optical Scan and DRE",
"4814500000","Texas","Falls County","9659","13","Assigned Polling Place","No","Hand marked paper ballots and BMDs","Optical Scan",
"4814700000","Texas","Fannin County","20371","17","Assigned Polling Place","No","Ballot Marking Devices for all voters","Optical Scan",
"4814900000","Texas","Fayette County","16551","13","Assigned Polling Place","No","Hand marked paper ballots and BMDs","Optical Scan",
"4815100000","Texas","Fisher County","2559","4","Vote Center","No","Ballot Marking Devices for all voters","Optical Scan",
"4815300000","Texas","Floyd County","3328","4","Vote Center","No","Ballot Marking Devices for all voters","Optical Scan",
"4815500000","Texas","Foard County","744","4","Assigned Polling Place","No","Hand marked paper ballots and DREs without VVPAT","Hand Count and DRE",
"4815700000","Texas","Fort Bend County","476933","175","Vote Center","No","Ballot Marking Devices for all voters","Optical Scan and DRE",
"4815900000","Texas","Franklin County","6663","8","Assigned Polling Place","No","Hand marked paper ballots and BMDs","Optical Scan",
"4816100000","Texas","Freestone County","11366","13","Assigned Polling Place","No","Ballot Marking Devices for all voters","Optical Scan",
"4816300000","Texas","Frio County","8392","11","Assigned Polling Place","No","Hand marked paper ballots and BMDs","Optical Scan",
"4816500000","Texas","Gaines County","8611","7","Vote Center","No","Ballot Marking Devices for all voters","Optical Scan",
"4816700000","Texas","Galveston County","208473","98","Vote Center","No","Ballot Marking Devices for all voters","Optical Scan",
"4816900000","Texas","Garza County","2333","7","Assigned Polling Place","No","Hand marked paper ballots and BMDs","Optical Scan",
"4817100000","Texas","Gillespie County","19305","13","Assigned Polling Place","No","Hand marked paper ballots and BMDs","Optical Scan",
"4817300000","Texas","Glasscock County","782","4","Assigned Polling Place","No","Hand marked paper ballots and BMDs","Hand Count",
"4817500000","Texas","Goliad County","5197","9","Assigned Polling Place","No","Hand marked paper ballots and BMDs","Optical Scan",
"4817700000","Texas","Gonzales County","11815","15","Assigned Polling Place","No","Ballot Marking Devices for all voters","Optical Scan and DRE",
"4817900000","Texas","Gray County","10956","7","Assigned Polling Place","No","Ballot Marking Devices for all voters","Optical Scan",
"4818100000","Texas","Grayson County","82580","41","Vote Center","No","Ballot Marking Devices for all voters","Optical Scan",
"4818300000","Texas","Gregg County","64695","21","Vote Center","No","Ballot Marking Devices for all voters","Optical Scan",
"4818500000","Texas","Grimes County","17650","14","Vote Center","No","Ballot Marking Devices for all voters","Optical Scan",
"4818700000","Texas","Guadalupe County","106473","76","Vote Center","No","Ballot Marking Devices for all voters","Optical Scan and DRE",
"4818900000","Texas","Hale County","16293","30","Assigned Polling Place","No","Ballot Marking Devices for all voters","Optical Scan",
"4819100000","Texas","Hall County","1610","7","Assigned Polling Place","No","Hand marked paper ballots and BMDs","Optical Scan",
"4819300000","Texas","Hamilton County","5470","11","Assigned Polling Place","No","Hand marked paper ballots and BMDs","Optical Scan",
"4819500000","Texas","Hansford County","2627","8","Assigned Polling Place","No","Hand marked paper ballots and BMDs","Hand Count",
"4819700000","Texas","Hardeman County","2261","4","Assigned Polling Place","No","Hand marked paper ballots and BMDs","Optical Scan",
"4819900000","Texas","Hardin County","41081","19","Assigned Polling Place","No","Hand marked paper ballots and BMDs","Optical Scan",
"4820100000","Texas","Harris County","2371995","1165","Vote Center","No","Ballot Marking Devices for all voters","Optical Scan",
"4820300000","Texas","Harrison County","41350","26","Vote Center","No","Ballot Marking Devices for all voters","Optical Scan",
"4820500000","Texas","Hartley County","2412","6","Assigned Polling Place","No","Ballot Marking Devices for all voters","Optical Scan",
"4820700000","Texas","Haskell County","3060","11","Assigned Polling Place","No","Hand marked paper ballots and BMDs","Hand Count",
"4820900000","Texas","Hays County","146716","85","Vote Center","No","Ballot Marking Devices for all voters","Optical Scan",
"4821100000","Texas","Hemphill County","2060","8","Assigned Polling Place","No","Hand marked paper ballots and BMDs","Optical Scan",
"4821300000","Texas","Henderson County","51902","30","Vote Center","No","Ballot Marking Devices for all voters","Optical Scan",
"4821500000","Texas","Hidalgo County","389604","257","Vote Center","No","Ballot Marking Devices for all voters","Optical Scan",
"4821700000","Texas","Hill County","24229","13","Assigned Polling Place","No","Hand marked paper ballots and BMDs","Optical Scan",
"4821900000","Texas","Hockley County","12442","14","Assigned Polling Place","No","Hand marked paper ballots and BMDs","Optical Scan",
"4822100000","Texas","Hood County","45137","17","Vote Center","No","Ballot Marking Devices for all voters","Optical Scan",
"4822300000","Texas","Hopkins County","22271","21","Vote Center","No","Ballot Marking Devices for all voters","Optical Scan",
"4822500000","Texas","Houston County","11751","21","Assigned Polling Place","No","Hand marked paper ballots and BMDs","Optical Scan",
"4822700000","Texas","Howard County","14446","33","Vote Center","No","Ballot Marking Devices for all voters","Optical Scan and DRE",
"4822900000","Texas","Hudspeth County","1850","7","Assigned Polling Place","No","Hand marked paper ballots and BMDs","Optical Scan",
"4823100000","Texas","Hunt County","57367","36","Assigned Polling Place","No","Hand marked paper ballots and BMDs","Optical Scan",
"4823300000","Texas","Hutchinson County","11896","8","Assigned Polling Place","No","Ballot Marking Devices for all voters","Optical Scan",
"4823500000","Texas","Irion County","1110","4","Assigned Polling Place","No","Ballot Marking Devices for all voters","Optical Scan",
"4823700000","Texas","Jack County","4859","6","Vote Center","No","Ballot Marking Devices for all voters","Optical Scan",
"4823900000","Texas","Jackson County","8681","9","Assigned Polling Place","No","Ballot Marking Devices for all voters","Optical Scan",
"4824100000","Texas","Jasper County","21723","20","Assigned Polling Place","No","Hand marked paper ballots and BMDs","Optical Scan",
"4824300000","Texas","Jeff Davis County","1450","5","Assigned Polling Place","No","Ballot Marking Devices for all voters","Optical Scan",
"4824500000","Texas","Jefferson County","133021","104","Vote Center","No","Ballot Marking Devices for all voters","Optical Scan",
"4824700000","Texas","Jim Hogg County","3289","5","Assigned Polling Place","No","Hand marked paper ballots and BMDs","Optical Scan",
"4824900000","Texas","Jim Wells County","23756","21","Vote Center","No","Hand marked paper ballots and BMDs","Optical Scan",
"4825100000","Texas","Johnson County","104817","43","Assigned Polling Place","No","Hand marked paper ballots and BMDs","Optical Scan",
"4825300000","Texas","Jones County","9583","4","Vote Center","No","DREs without VVPAT for all voters","DRE",
"4825500000","Texas","Karnes County","7402","15","Assigned Polling Place","No","DREs without VVPAT for all voters","DRE",
"4825700000","Texas","Kaufman County","82606","37","Vote Center","No","Ballot Marking Devices for all voters","Optical Scan",
"4825900000","Texas","Kendall County","33833","17","Vote Center","No","Ballot Marking Devices for all voters","Optical Scan",
"4826100000","Texas","Kenedy County","240","3","Assigned Polling Place","No","Hand marked paper ballots and DREs without VVPAT","Optical Scan and DRE",
"4826300000","Texas","Kent County","559","5","Assigned Polling Place","No","Hand marked paper ballots and BMDs","Optical Scan",
"4826500000","Texas","Kerr County","35132","20","Assigned Polling Place","No","Hand marked paper ballots and DREs without VVPAT","Optical Scan and DRE",
"4826700000","Texas","Kimble County","2957","7","Assigned Polling Place","No","Hand marked paper ballots and BMDs","Optical Scan",
"4826900000","Texas","King County","152","4","Assigned Polling Place","No","Hand marked paper ballots and BMDs","Optical Scan",
"4827100000","Texas","Kinney County","2011","3","Assigned Polling Place","No","Hand marked paper ballots and BMDs","Optical Scan",
"4827300000","Texas","Kleberg County","15720","17","Assigned Polling Place","No","Hand marked paper ballots and BMDs","Optical Scan",
"4827500000","Texas","Knox County","2041","5","Assigned Polling Place","No","Hand marked paper ballots and BMDs","Optical Scan",
"4828300000","Texas","La Salle County","3861","5","Assigned Polling Place","No","Hand marked paper ballots and BMDs","Optical Scan",
"4827700000","Texas","Lamar County","28854","26","Assigned Polling Place","No","Hand marked paper ballots and BMDs","Optical Scan",
"4827900000","Texas","Lamb County","7137","7","Assigned Polling Place","No","Ballot Marking Devices for all voters","Optical Scan",
"4828100000","Texas","Lampasas County","14396","9","Vote Center","No","Ballot Marking Devices for all voters","Optical Scan",
"4828500000","Texas","Lavaca County","12883","12","Assigned Polling Place","No","Ballot Marking Devices for all voters","Optical Scan",
"4828700000","Texas","Lee County","10439","15","Vote Center","No","Ballot Marking Devices for all voters","Optical Scan and DRE",
"4828900000","Texas","Leon County","10947","15","Assigned Polling Place","No","Ballot Marking Devices for all voters","Optical Scan",
"4829100000","Texas","Liberty County","46827","22","Vote Center","No","Hand marked paper ballots and BMDs","Optical Scan",
"4829300000","Texas","Limestone County","12905","21","Assigned Polling Place","No","DREs without VVPAT for all voters","DRE",
"4829500000","Texas","Lipscomb County","1704","4","Assigned Polling Place","No","Ballot Marking Devices for all voters","Optical Scan",
"4829700000","Texas","Live Oak County","7052","15","Assigned Polling Place","No","Hand marked paper ballots and BMDs","Optical Scan",
"4829900000","Texas","Llano County","15847","9","Assigned Polling Place","No","Ballot Marking Devices for all voters","Optical Scan",
"4830100000","Texas","Loving County","82","4","Assigned Polling Place","No","Hand marked paper ballots and BMDs","Optical Scan",
"4830300000","Texas","Lubbock County","158870","99","Vote Center","No","Ballot Marking Devices for all voters","Optical Scan",
"4830500000","Texas","Lynn County","3816","8","Assigned Polling Place","No","Ballot Marking Devices for all voters","Optical Scan",
"4831300000","Texas","Madison County","7481","4","Vote Center","No","Ballot Marking Devices for all voters","Optical Scan",
"4831500000","Texas","Marion County","6886","10","Vote Center","No","Ballot Marking Devices for all voters","Optical Scan",
"4831700000","Texas","Martin County","3039","7","Assigned Polling Place","No","Ballot Marking Devices for all voters","Optical Scan",
"4831900000","Texas","Mason County","2983","4","Assigned Polling Place","No","Hand marked paper ballots and BMDs","Optical Scan",
"4832100000","Texas","Matagorda County","18678","18","Assigned Polling Place","No","Ballot Marking Devices for all voters","Optical Scan",
"4832300000","Texas","Maverick County","30620","16","Assigned Polling Place","No","Hand marked paper ballots and BMDs","Optical Scan",
"4830700000","Texas","McCulloch County","4718","9","Assigned Polling Place","No","Hand marked paper ballots and BMDs","Optical Scan",
"4830900000","Texas","McLennan County","133093","91","Vote Center","No","DREs without VVPAT for all voters","DRE",
"4831100000","Texas","McMullen County","595","4","Assigned Polling Place","No","Hand marked paper ballots and BMDs","Optical Scan",
"4832500000","Texas","Medina County","33074","14","Vote Center","No","Ballot Marking Devices for all voters","Optical Scan",
"4832700000","Texas","Menard County","1290","6","Assigned Polling Place","No","Hand marked paper ballots and DREs without VVPAT","Optical Scan and DRE",
"4832900000","Texas","Midland County","79719","46","Vote Center","No","Ballot Marking Devices for all voters","Optical Scan",
"4833100000","Texas","Milam County","15132","11","Vote Center","No","DREs without VVPAT for all voters","DRE",
"4833300000","Texas","Mills County","3226","7","Assigned Polling Place","No","Hand marked paper ballots and BMDs","Optical Scan",
"4833500000","Texas","Mitchell County","4043","4","Assigned Polling Place","No","Hand marked paper ballots and BMDs","Optical Scan",
"4833700000","Texas","Montague County","13323","15","Vote Center","No","Ballot Marking Devices for all voters","Optical Scan",
"4833900000","Texas","Montgomery County","372760","111","Assigned Polling Place","No","Ballot Marking Devices for all voters","Optical Scan",
"4834100000","Texas","Moore County","8866","7","Assigned Polling Place","No","Ballot Marking Devices for all voters","Optical Scan and DRE",
"4834300000","Texas","Morris County","7683","8","Assigned Polling Place","No","Hand marked paper ballots and BMDs","Optical Scan",
"4834500000","Texas","Motley County","772","6","Assigned Polling Place","No","Hand marked paper ballots and BMDs","Optical Scan",
"4834700000","Texas","Nacogdoches County","34826","19","Assigned Polling Place","No","Hand marked paper ballots and BMDs","Optical Scan",
"4834900000","Texas","Navarro County","28295","30","Vote Center","No","Ballot Marking Devices for all voters","Optical Scan",
"4835100000","Texas","Newton County","8588","23","Assigned Polling Place","No","Hand marked paper ballots and BMDs","Optical Scan",
"4835300000","Texas","Nolan County","7911","10","Assigned Polling Place","No","Ballot Marking Devices for all voters","Optical Scan",
"4835500000","Texas","Nueces County","188045","128","Vote Center","No","DREs without VVPAT for all voters","DRE",
"4835700000","Texas","Ochiltree County","4632","4","Assigned Polling Place","No","Hand marked paper ballots and BMDs","Optical Scan",
"4835900000","Texas","Oldham County","1195","7","Assigned Polling Place","No","Hand marked paper ballots and BMDs","Optical Scan",
"4836100000","Texas","Orange County","50792","34","Assigned Polling Place","No","Hand marked paper ballots and BMDs","Optical Scan",
"4836300000","Texas","Palo Pinto County","17525","27","Vote Center","No","DREs without VVPAT for all voters","DRE",
"4836500000","Texas","Panola County","15771","4","Assigned Polling Place","No","Ballot Marking Devices for all voters","Optical Scan",
"4836700000","Texas","Parker County","102409","44","Vote Center","No","Ballot Marking Devices for all voters","Optical Scan",
"4836900000","Texas","Parmer County","4192","7","Assigned Polling Place","No","Hand marked paper ballots and BMDs","Optical Scan",
"4837100000","Texas","Pecos County","7527","9","Assigned Polling Place","No","Ballot Marking Devices for all voters","Optical Scan",
"4837300000","Texas","Polk County","35974","22","Vote Center","No","DREs without VVPAT for all voters","DRE",
"4837500000","Texas","Potter County","48911","24","Vote Center","No","Ballot Marking Devices for all voters","Optical Scan",
"4837700000","Texas","Presidio County","3821","6","Assigned Polling Place","No","Hand marked paper ballots and BMDs","Optical Scan",
"4837900000","Texas","Rains County","7961","8","Assigned Polling Place","No","Ballot Marking Devices for all voters","Optical Scan",
"4838100000","Texas","Randall County","86003","31","Vote Center","No","Ballot Marking Devices for all voters","Optical Scan",
"4838300000","Texas","Reagan County","1637","5","Assigned Polling Place","No","Ballot Marking Devices for all voters","Optical Scan",
"4838500000","Texas","Real County","2470","4","Assigned Polling Place","No","Hand marked paper ballots and BMDs","Optical Scan",
"4838700000","Texas","Red River County","7747","22","Assigned Polling Place","No","Hand marked paper ballots and BMDs","Optical Scan",
"4838900000","Texas","Reeves County","6983","6","Assigned Polling Place","No","Hand marked paper ballots and BMDs","Optical Scan",
"4839100000","Texas","Refugio County","4490","10","Assigned Polling Place","No","Ballot Marking Devices for all voters","Optical Scan",
"4839300000","Texas","Roberts County","635","5","Assigned Polling Place","No","Hand marked paper ballots and BMDs","Optical Scan",
"4839500000","Texas","Robertson County","10935","13","Assigned Polling Place","No","Hand marked paper ballots and BMDs","Optical Scan",
"4839700000","Texas","Rockwall County","73652","26","Vote Center","No","Ballot Marking Devices for all voters","Optical Scan",
"4839900000","Texas","Runnels County","6430","9","Assigned Polling Place","No","Ballot Marking Devices for all voters","Optical Scan",
"4840100000","Texas","Rusk County","29704","22","Vote Center","No","Ballot Marking Devices for all voters","Optical Scan",
"4840300000","Texas","Sabine County","7546","8","Assigned Polling Place","No","Hand marked paper ballots and BMDs","Optical Scan",
"4840500000","Texas","San Augustine County","5602","11","Assigned Polling Place","No","Hand marked paper ballots and BMDs","Optical Scan",
"4840700000","Texas","San Jacinto County","18452","11","Vote Center","No","Ballot Marking Devices for all voters","Optical Scan",
"4840900000","Texas","San Patricio County","39709","25","Vote Center","No","Ballot Marking Devices for all voters","Optical Scan",
"4841100000","Texas","San Saba County","3401","3","Assigned Polling Place","No","Hand marked paper ballots and BMDs","Optical Scan",
"4841300000","Texas","Schleicher County","1596","4","Assigned Polling Place","No","Hand marked paper ballots and BMDs","Optical Scan",
"4841500000","Texas","Scurry County","8396","11","Vote Center","No","Ballot Marking Devices for all voters","Optical Scan",
"4841700000","Texas","Shackelford County","2174","7","Assigned Polling Place","No","Hand marked paper ballots and BMDs","Optical Scan",
"4841900000","Texas","Shelby County","14542","14","Assigned Polling Place","No","Hand marked paper ballots and BMDs","Optical Scan",
"4842100000","Texas","Sherman County","1193","4","Assigned Polling Place","No","Hand marked paper ballots and BMDs","Optical Scan",
"4842300000","Texas","Smith County","135137","72","Vote Center","No","Ballot Marking Devices for all voters","Optical Scan",
"4842500000","Texas","Somervell County","6590","4","Vote Center","No","Ballot Marking Devices for all voters","Optical Scan",
"4842700000","Texas","Starr County","31775","14","Assigned Polling Place","No","Hand marked paper ballots and BMDs","Optical Scan",
"4842900000","Texas","Stephens County","4971","5","Assigned Polling Place","No","Hand marked paper ballots and BMDs","Optical Scan",
"4843100000","Texas","Sterling County","769","4","Assigned Polling Place","No","DREs without VVPAT for all voters","DRE",
"4843300000","Texas","Stonewall County","929","3","Assigned Polling Place","No","Ballot Marking Devices for all voters","Optical Scan",
"4843500000","Texas","Sutton County","2098","4","Assigned Polling Place","No","Ballot Marking Devices for all voters","Optical Scan",
"4843700000","Texas","Swisher County","3475","8","Vote Center","No","Ballot Marking Devices for all voters","Optical Scan",
"4843900000","Texas","Tarrant County","1106355","822","Vote Center","No","Ballot Marking Devices for all voters","Optical Scan",
"4844100000","Texas","Taylor County","73080","34","Vote Center","No","Ballot Marking Devices for all voters","Optical Scan",
"4844300000","Texas","Terrell County","600","4","Assigned Polling Place","No","Hand marked paper ballots and BMDs","Optical Scan",
"4844500000","Texas","Terry County","5786","7","Assigned Polling Place","No","Ballot Marking Devices for all voters","Optical Scan",
"4844700000","Texas","Throckmorton County","1100","5","Vote Center","No","Ballot Marking Devices for all voters","Optical Scan",
"4844900000","Texas","Titus County","15721","19","Assigned Polling Place","No","Hand marked paper ballots and BMDs","Optical Scan",
"4845100000","Texas","Tom Green County","61004","35","Vote Center","No","Ballot Marking Devices for all voters","Optical Scan",
"4845300000","Texas","Travis County","780448","287","Vote Center","No","Ballot Marking Devices for all voters","Optical Scan",
"4845500000","Texas","Trinity County","11216","21","Assigned Polling Place","No","Hand marked paper ballots and BMDs","Optical Scan",
"4845700000","Texas","Tyler County","13131","17","Assigned Polling Place","No","Hand marked paper ballots and BMDs","Optical Scan",
"4845900000","Texas","Upshur County","26691","19","Vote Center","No","Ballot Marking Devices for all voters","Optical Scan",
"4846100000","Texas","Upton County","1954","6","Assigned Polling Place","No","Ballot Marking Devices for all voters","Optical Scan",
"4846300000","Texas","Uvalde County","15794","14","Assigned Polling Place","No","Hand marked paper ballots and BMDs","Optical Scan",
"4846500000","Texas","Val Verde County","26084","17","Assigned Polling Place","No","Ballot Marking Devices for all voters","Optical Scan",
"4846700000","Texas","Van Zandt County","35762","18","Assigned Polling Place","No","Hand marked paper ballots and BMDs","Optical Scan",
"4846900000","Texas","Victoria County","50852","35","Vote Center","No","DREs without VVPAT for all voters","DRE",
"4847100000","Texas","Walker County","31679","17","Vote Center","No","Ballot Marking Devices for all voters","Optical Scan",
"4847300000","Texas","Waller County","33016","20","Assigned Polling Place","No","Ballot Marking Devices for all voters","Optical Scan",
"4847500000","Texas","Ward County","6125","9","Assigned Polling Place","No","Hand marked paper ballots and BMDs","Optical Scan",
"4847700000","Texas","Washington County","22658","22","Assigned Polling Place","No","Hand marked paper ballots and BMDs","Optical Scan",
"4847900000","Texas","Webb County","128482","54","Vote Center","No","Ballot Marking Devices for all voters","Optical Scan",
"4848100000","Texas","Wharton County","24553","12","Vote Center","No","Ballot Marking Devices for all voters","Optical Scan",
"4848300000","Texas","Wheeler County","2972","4","Assigned Polling Place","No","Ballot Marking Devices for all voters","Optical Scan",
"4848500000","Texas","Wichita County","67394","40","Vote Center","No","Ballot Marking Devices for all voters","Optical Scan",
"4848700000","Texas","Wilbarger County","7785","4","Assigned Polling Place","No","DREs without VVPAT for all voters","DRE",
"4848900000","Texas","Willacy County","10449","16","Assigned Polling Place","No","Hand marked paper ballots and DREs without VVPAT","Optical Scan and DRE",
"4849100000","Texas","Williamson County","371687","163","Vote Center","No","Ballot Marking Devices for all voters","Optical Scan",
"4849300000","Texas","Wilson County","34685","13","Assigned Polling Place","No","Hand marked paper ballots and BMDs","Optical Scan",
"4849500000","Texas","Winkler County","3650","6","Assigned Polling Place","No","Hand marked paper ballots and BMDs","Optical Scan",
"4849700000","Texas","Wise County","45953","28","Assigned Polling Place","No","Ballot Marking Devices for all voters","Optical Scan",
"4849900000","Texas","Wood County","30850","14","Assigned Polling Place","No","DREs without VVPAT for all voters","DRE",
"4850100000","Texas","Yoakum County","3886","7","Assigned Polling Place","No","Ballot Marking Devices for all voters","Optical Scan",
"4850300000","Texas","Young County","11456","8","Vote Center","No","Ballot Marking Devices for all voters","Optical Scan",
"4850500000","Texas","Zapata County","7270","7","Assigned Polling Place","No","Hand marked paper ballots and DREs without VVPAT","Optical Scan and DRE",
"4850700000","Texas","Zavala County","6912","6","Assigned Polling Place","No","Hand marked paper ballots and BMDs","Optical Scan",
"7800000000","US Virgin Islands","US Virgin Islands","39910","25","","No","Hand marked paper ballots and BMDs","Optical Scan",
"4900100000","Utah","Beaver County","3651","9","Vote Center","Yes","Hand marked paper ballots and BMDs","Optical Scan",
"4900300000","Utah","Box Elder County","30677","52","Vote Center","Yes","Hand marked paper ballots and BMDs","Optical Scan",
"4900500000","Utah","Cache County","67006","81","Vote Center","Yes","Hand marked paper ballots and BMDs","Optical Scan",
"4900700000","Utah","Carbon County","11079","20","Vote Center","Yes","Hand marked paper ballots and BMDs","Optical Scan",
"4900900000","Utah","Daggett County","679","3","Vote Center","Yes","Hand marked paper ballots and BMDs","Optical Scan",
"4901100000","Utah","Davis County","191890","378","Vote Center","Yes","Hand marked paper ballots and BMDs","Optical Scan",
"4901300000","Utah","Duchesne County","10458","21","Vote Center","Yes","Hand marked paper ballots and BMDs","Optical Scan",
"4901500000","Utah","Emery County","5810","12","Vote Center","Yes","Hand marked paper ballots and BMDs","Optical Scan",
"4901700000","Utah","Garfield County","3095","11","Vote Center","Yes","Hand marked paper ballots and BMDs","Optical Scan",
"4901900000","Utah","Grand County","6066","21","Vote Center","Yes","Hand marked paper ballots and BMDs","Optical Scan",
"4902100000","Utah","Iron County","28691","49","Vote Center","Yes","Hand marked paper ballots and BMDs","Optical Scan",
"4902300000","Utah","Juab County","6338","18","Vote Center","Yes","Hand marked paper ballots and BMDs","Optical Scan",
"4902500000","Utah","Kane County","4611","21","Vote Center","Yes","Hand marked paper ballots and BMDs","Optical Scan",
"4902700000","Utah","Millard County","6977","17","Vote Center","Yes","Hand marked paper ballots and BMDs","Optical Scan",
"4902900000","Utah","Morgan County","7435","1","Vote Center","Yes","Hand marked paper ballots and BMDs","Optical Scan",
"4903100000","Utah","Piute County","1036","5","Vote Center","Yes","Hand marked paper ballots and BMDs","Optical Scan",
"4903300000","Utah","Rich County","1510","5","Vote Center","Yes","Hand marked paper ballots and BMDs","Optical Scan",
"4903500000","Utah","Salt Lake County","595731","842","Vote Center","Yes","DREs with VVPAT for all voters","DRE",
"4903700000","Utah","San Juan County","8092","14","Vote Center","Yes","Hand marked paper ballots and BMDs","Optical Scan",
"4903900000","Utah","Sanpete County","14469","28","Vote Center","Yes","Hand marked paper ballots and BMDs","Optical Scan",
"4904100000","Utah","Sevier County","11740","23","Vote Center","Yes","Hand marked paper ballots and BMDs","Optical Scan",
"4904300000","Utah","Summit County","28726","65","Vote Center","Yes","Hand marked paper ballots and BMDs","Optical Scan",
"4904500000","Utah","Tooele County","38291","82","Vote Center","Yes","Hand marked paper ballots and BMDs","Optical Scan",
"4904700000","Utah","Uintah County","14970","29","Vote Center","Yes","Hand marked paper ballots and BMDs","Optical Scan",
"4904900000","Utah","Utah County","340998","476","Vote Center","Yes","Hand marked paper ballots and BMDs","Optical Scan",
"4905100000","Utah","Wasatch County","20702","53","Vote Center","Yes","Hand marked paper ballots and BMDs","Optical Scan",
"4905300000","Utah","Washington County","105450","130","Vote Center","Yes","Hand marked paper ballots and BMDs","Optical Scan",
"4905500000","Utah","Wayne County","1851","12","Vote Center","Yes","Hand marked paper ballots and BMDs","Optical Scan",
"4905700000","Utah","Weber County","122413","173","Vote Center","Yes","Hand marked paper ballots and BMDs","Optical Scan",
"5000100325","Vermont","Town of Addison  (Addison County)","1129","1","Assigned Polling Place","Yes","Hand marked paper ballots and BMDs","Hand Count and Optical Scan",
"5000108575","Vermont","Town of Bridport  (Addison County)","865","1","Assigned Polling Place","Yes","Hand marked paper ballots and BMDs","Hand Count and Optical Scan",
"5000109025","Vermont","Town of Bristol  (Addison County)","3120","1","Assigned Polling Place","Yes","Hand marked paper ballots and BMDs","Hand Count and Optical Scan",
"5000116000","Vermont","Town of Cornwall  (Addison County)","956","1","Assigned Polling Place","Yes","Hand marked paper ballots and BMDs","Hand Count and Optical Scan",
"5000126275","Vermont","Town of Ferrisburgh  (Addison County)","2211","1","Assigned Polling Place","Yes","Hand marked paper ballots and BMDs","Hand Count and Optical Scan",
"5000128600","Vermont","Town of Goshen  (Addison County)","144","1","Assigned Polling Place","Yes","Hand marked paper ballots and BMDs","Hand Count and Optical Scan",
"5000129575","Vermont","Town of Granville  (Addison County)","234","1","Assigned Polling Place","Yes","Hand marked paper ballots and BMDs","Hand Count and Optical Scan",
"5000131525","Vermont","Town of Hancock  (Addison County)","231","1","Assigned Polling Place","Yes","Hand marked paper ballots and BMDs","Hand Count and Optical Scan",
"5000139325","Vermont","Town of Leicester  (Addison County)","683","1","Assigned Polling Place","Yes","Hand marked paper ballots and BMDs","Hand Count and Optical Scan",
"5000140075","Vermont","Town of Lincoln  (Addison County)","1055","1","Assigned Polling Place","Yes","Hand marked paper ballots and BMDs","Hand Count and Optical Scan",
"5000144350","Vermont","Town of Middlebury  (Addison County)","4949","1","Assigned Polling Place","Yes","Hand marked paper ballots and BMDs","Hand Count and Optical Scan",
"5000145550","Vermont","Town of Monkton  (Addison County)","1754","1","Assigned Polling Place","Yes","Hand marked paper ballots and BMDs","Hand Count and Optical Scan",
"5000148700","Vermont","Town of New Haven  (Addison County)","1286","1","Assigned Polling Place","Yes","Hand marked paper ballots and BMDs","Hand Count and Optical Scan",
"5000153725","Vermont","Town of Orwell  (Addison County)","894","1","Assigned Polling Place","Yes","Hand marked paper ballots and BMDs","Hand Count and Optical Scan",
"5000153950","Vermont","Town of Panton  (Addison County)","527","1","Assigned Polling Place","Yes","Hand marked paper ballots and BMDs","Hand Count and Optical Scan",
"5000159650","Vermont","Town of Ripton  (Addison County)","427","1","Assigned Polling Place","Yes","Hand marked paper ballots and BMDs","Hand Count and Optical Scan",
"5000162575","Vermont","Town of Salisbury  (Addison County)","854","1","Assigned Polling Place","Yes","Hand marked paper ballots and BMDs","Hand Count and Optical Scan",
"5000165050","Vermont","Town of Shoreham  (Addison County)","846","1","Assigned Polling Place","Yes","Hand marked paper ballots and BMDs","Hand Count and Optical Scan",
"5000170075","Vermont","Town of Starksboro  (Addison County)","1329","1","Assigned Polling Place","Yes","Hand marked paper ballots and BMDs","Hand Count and Optical Scan",
"5000174650","Vermont","City of Vergennes  (Addison County)","1897","1","Assigned Polling Place","Yes","Hand marked paper ballots and BMDs","Hand Count and Optical Scan",
"5000176075","Vermont","Town of Waltham  (Addison County)","397","1","Assigned Polling Place","Yes","Hand marked paper ballots and BMDs","Hand Count and Optical Scan",
"5000183275","Vermont","Town of Weybridge  (Addison County)","698","1","Assigned Polling Place","Yes","Hand marked paper ballots and BMDs","Hand Count and Optical Scan",
"5000183800","Vermont","Town of Whiting  (Addison County)","283","1","Assigned Polling Place","Yes","Hand marked paper ballots and BMDs","Hand Count and Optical Scan",
"5000301450","Vermont","Town of Arlington  (Bennington County)","1852","1","Assigned Polling Place","Yes","Hand marked paper ballots and BMDs","Hand Count and Optical Scan",
"5000304825","Vermont","Town of Bennington  (Bennington County)","8635","2","Assigned Polling Place","Yes","Hand marked paper ballots and BMDs","Hand Count and Optical Scan",
"5000317725","Vermont","Town of Dorset  (Bennington County)","1675","1","Assigned Polling Place","Yes","Hand marked paper ballots and BMDs","Hand Count and Optical Scan",
"5000339025","Vermont","Town of Landgrove  (Bennington County)","136","1","Assigned Polling Place","Yes","Hand marked paper ballots and BMDs","Hand Count and Optical Scan",
"5000342850","Vermont","Town of Manchester  (Bennington County)","3232","1","Assigned Polling Place","Yes","Hand marked paper ballots and BMDs","Hand Count and Optical Scan",
"5000355000","Vermont","Town of Peru  (Bennington County)","350","1","Assigned Polling Place","Yes","Hand marked paper ballots and BMDs","Hand Count and Optical Scan",
"5000357025","Vermont","Town of Pownal  (Bennington County)","2315","1","Assigned Polling Place","Yes","Hand marked paper ballots and BMDs","Hand Count and Optical Scan",
"5000358600","Vermont","Town of Readsboro  (Bennington County)","519","1","Assigned Polling Place","Yes","Hand marked paper ballots and BMDs","Hand Count and Optical Scan",
"5000361000","Vermont","Town of Rupert  (Bennington County)","515","1","Assigned Polling Place","Yes","Hand marked paper ballots and BMDs","Hand Count and Optical Scan",
"5000362875","Vermont","Town of Sandgate  (Bennington County)","349","1","Assigned Polling Place","Yes","Hand marked paper ballots and BMDs","Hand Count and Optical Scan",
"5000363175","Vermont","Town of Searsburg  (Bennington County)","91","1","Assigned Polling Place","Yes","Hand marked paper ballots and BMDs","Hand Count and Optical Scan",
"5000363550","Vermont","Town of Shaftsbury  (Bennington County)","2774","1","Assigned Polling Place","Yes","Hand marked paper ballots and BMDs","Hand Count and Optical Scan",
"5000369775","Vermont","Town of Stamford  (Bennington County)","655","1","Assigned Polling Place","Yes","Hand marked paper ballots and BMDs","Hand Count and Optical Scan",
"5000371425","Vermont","Town of Sunderland  (Bennington County)","813","1","Assigned Polling Place","Yes","Hand marked paper ballots and BMDs","Hand Count and Optical Scan",
"5000385075","Vermont","Town of Winhall  (Bennington County)","820","1","Assigned Polling Place","Yes","Hand marked paper ballots and BMDs","Hand Count and Optical Scan",
"5000385675","Vermont","Town of Woodford  (Bennington County)","238","1","Assigned Polling Place","Yes","Hand marked paper ballots and BMDs","Hand Count and Optical Scan",
"5000502875","Vermont","Town of Barnet  (Caledonia County)","1333","1","Assigned Polling Place","Yes","Hand marked paper ballots and BMDs","Hand Count and Optical Scan",
"5000510450","Vermont","Town of Burke  (Caledonia County)","1140","1","Assigned Polling Place","Yes","Hand marked paper ballots and BMDs","Hand Count and Optical Scan",
"5000517125","Vermont","Town of Danville  (Caledonia County)","1707","1","Assigned Polling Place","Yes","Hand marked paper ballots and BMDs","Hand Count and Optical Scan",
"5000530550","Vermont","Town of Groton  (Caledonia County)","692","1","Assigned Polling Place","Yes","Hand marked paper ballots and BMDs","Hand Count and Optical Scan",
"5000531825","Vermont","Town of Hardwick (Caledonia County)","2080","1","Assigned Polling Place","Yes","Hand marked paper ballots and BMDs","Hand Count and Optical Scan",
"5000537900","Vermont","Town of Kirby  (Caledonia County)","394","1","Assigned Polling Place","Yes","Hand marked paper ballots and BMDs","Hand Count and Optical Scan",
"5000541725","Vermont","Town of Lyndon (Caledonia County)","3195","1","Assigned Polling Place","Yes","Hand marked paper ballots and BMDs","Hand Count and Optical Scan",
"5000547725","Vermont","Town of Newark  (Caledonia County)","433","1","Assigned Polling Place","Yes","Hand marked paper ballots and BMDs","Hand Count and Optical Scan",
"5000554400","Vermont","Town of Peacham  (Caledonia County)","665","1","Assigned Polling Place","Yes","Hand marked paper ballots and BMDs","Hand Count and Optical Scan",
"5000561525","Vermont","Town of Ryegate  (Caledonia County)","827","1","Assigned Polling Place","Yes","Hand marked paper ballots and BMDs","Hand Count and Optical Scan",
"5000562200","Vermont","Town of Saint Johnsbury  (Caledonia County)","3794","1","Assigned Polling Place","Yes","Hand marked paper ballots and BMDs","Hand Count and Optical Scan",
"5000564075","Vermont","Town of Sheffield  (Caledonia County)","480","1","Assigned Polling Place","Yes","Hand marked paper ballots and BMDs","Hand Count and Optical Scan",
"5000569925","Vermont","Town of Stannard  (Caledonia County)","164","1","Assigned Polling Place","Yes","Hand marked paper ballots and BMDs","Hand Count and Optical Scan",
"5000571575","Vermont","Town of Sutton  (Caledonia County)","712","1","Assigned Polling Place","Yes","Hand marked paper ballots and BMDs","Hand Count and Optical Scan",
"5000575700","Vermont","Town of Walden  (Caledonia County)","671","1","Assigned Polling Place","Yes","Hand marked paper ballots and BMDs","Hand Count and Optical Scan",
"5000577125","Vermont","Town of Waterford  (Caledonia County)","1015","1","Assigned Polling Place","Yes","Hand marked paper ballots and BMDs","Hand Count and Optical Scan",
"5000583500","Vermont","Town of Wheelock  (Caledonia County)","588","1","Assigned Polling Place","Yes","Hand marked paper ballots and BMDs","Hand Count and Optical Scan",
"5000706550","Vermont","Town of Bolton  (Chittenden County)","855","1","Assigned Polling Place","Yes","Hand marked paper ballots and BMDs","Optical Scan",
"5000710675","Vermont","City of Burlington  (Chittenden County)","23929","8","Assigned Polling Place","Yes","Hand marked paper ballots and BMDs","Optical Scan",
"5000713300","Vermont","Town of Charlotte  (Chittenden County)","3206","1","Assigned Polling Place","Yes","Hand marked paper ballots and BMDs","Optical Scan",
"5000714875","Vermont","Town of Colchester  (Chittenden County)","11948","1","Assigned Polling Place","Yes","Hand marked paper ballots and BMDs","Optical Scan",
"5000724175","Vermont","Town of Essex  (Chittenden County)","7105","1","Assigned Polling Place","Yes","Hand marked paper ballots and BMDs","Optical Scan",
"5000724400","Vermont","City of Essex Junction (Chittenden County)","8221","1","Assigned Polling Place","Yes","Hand marked paper ballots and BMDs","Optical Scan",
"5000733475","Vermont","Town of Hinesburg  (Chittenden County)","3583","1","Assigned Polling Place","Yes","Hand marked paper ballots and BMDs","Optical Scan",
"5000734600","Vermont","Town of Huntington  (Chittenden County)","1611","1","Assigned Polling Place","Yes","Hand marked paper ballots and BMDs","Optical Scan",
"5000736700","Vermont","Town of Jericho  (Chittenden County)","4167","1","Assigned Polling Place","Yes","Hand marked paper ballots and BMDs","Optical Scan",
"5000745250","Vermont","Town of Milton  (Chittenden County)","8079","1","Assigned Polling Place","Yes","Hand marked paper ballots and BMDs","Optical Scan",
"5000759275","Vermont","Town of Richmond  (Chittenden County)","3075","1","Assigned Polling Place","Yes","Hand marked paper ballots and BMDs","Optical Scan",
"5000762050","Vermont","Town of Saint George  (Chittenden County)","578","1","Assigned Polling Place","Yes","Hand marked paper ballots and BMDs","Optical Scan",
"5000764300","Vermont","Town of Shelburne  (Chittenden County)","6127","1","Assigned Polling Place","Yes","Hand marked paper ballots and BMDs","Optical Scan",
"5000766175","Vermont","City of South Burlington (Chittenden County)","13991","4","Assigned Polling Place","Yes","Hand marked paper ballots and BMDs","Optical Scan",
"5000773975","Vermont","Town of Underhill  (Chittenden County)","2445","1","Assigned Polling Place","Yes","Hand marked paper ballots and BMDs","Optical Scan",
"5000780350","Vermont","Town of Westford  (Chittenden County)","1639","1","Assigned Polling Place","Yes","Hand marked paper ballots and BMDs","Optical Scan",
"5000784475","Vermont","Town of Williston  (Chittenden County)","7762","1","Assigned Polling Place","Yes","Hand marked paper ballots and BMDs","Optical Scan",
"5000785150","Vermont","City of Winooski  (Chittenden County)","4517","1","Assigned Polling Place","Yes","Hand marked paper ballots and BMDs","Optical Scan",
"5000906325","Vermont","Town of Bloomfield  (Essex County)","158","1","Assigned Polling Place","Yes","Hand marked paper ballots and BMDs","Hand Count and Optical Scan",
"5000908725","Vermont","Town of Brighton  (Essex County)","922","1","Assigned Polling Place","Yes","Hand marked paper ballots and BMDs","Hand Count and Optical Scan",
"5000910075","Vermont","Town of Brunswick  (Essex County)","74","1","Assigned Polling Place","Yes","Hand marked paper ballots and BMDs","Hand Count and Optical Scan",
"5000911800","Vermont","Town of Canaan  (Essex County)","658","1","Assigned Polling Place","Yes","Hand marked paper ballots and BMDs","Hand Count and Optical Scan",
"5000915250","Vermont","Town of Concord  (Essex County)","831","1","Assigned Polling Place","Yes","Hand marked paper ballots and BMDs","Hand Count and Optical Scan",
"5000921250","Vermont","Town of East Haven  (Essex County)","186","1","Assigned Polling Place","Yes","Hand marked paper ballots and BMDs","Hand Count and Optical Scan",
"5000929125","Vermont","Town of Granby  (Essex County)","54","1","Assigned Polling Place","Yes","Hand marked paper ballots and BMDs","Hand Count and Optical Scan",
"5000930775","Vermont","Town of Guildhall  (Essex County)","222","1","Assigned Polling Place","Yes","Hand marked paper ballots and BMDs","Hand Count and Optical Scan",
"5000939700","Vermont","Town of Lemington  (Essex County)","63","1","Assigned Polling Place","Yes","Hand marked paper ballots and BMDs","Hand Count and Optical Scan",
"5000941425","Vermont","Town of Lunenburg  (Essex County)","1183","1","Assigned Polling Place","Yes","Hand marked paper ballots and BMDs","Hand Count and Optical Scan",
"5000942475","Vermont","Town of Maidstone  (Essex County)","158","1","Assigned Polling Place","Yes","Hand marked paper ballots and BMDs","Hand Count and Optical Scan",
"5000952750","Vermont","Town of Norton  (Essex County)","126","1","Assigned Polling Place","Yes","Hand marked paper ballots and BMDs","Hand Count and Optical Scan",
"5000975175","Vermont","Town of Victory  (Essex County)","63","1","Assigned Polling Place","Yes","Hand marked paper ballots and BMDs","Hand Count and Optical Scan",
"5001102500","Vermont","Town of Bakersfield  (Franklin County)","907","1","Assigned Polling Place","Yes","Hand marked paper ballots and BMDs","Hand Count and Optical Scan",
"5001105425","Vermont","Town of Berkshire  (Franklin County)","991","1","Assigned Polling Place","Yes","Hand marked paper ballots and BMDs","Hand Count and Optical Scan",
"5001123875","Vermont","Town of Enosburgh  (Franklin County)","2059","1","Assigned Polling Place","Yes","Hand marked paper ballots and BMDs","Hand Count and Optical Scan",
"5001124925","Vermont","Town of Fairfax  (Franklin County)","3696","1","Assigned Polling Place","Yes","Hand marked paper ballots and BMDs","Hand Count and Optical Scan",
"5001125225","Vermont","Town of Fairfield  (Franklin County)","1394","1","Assigned Polling Place","Yes","Hand marked paper ballots and BMDs","Hand Count and Optical Scan",
"5001126500","Vermont","Town of Fletcher  (Franklin County)","1081","1","Assigned Polling Place","Yes","Hand marked paper ballots and BMDs","Hand Count and Optical Scan",
"5001127100","Vermont","Town of Franklin  (Franklin County)","977","1","Assigned Polling Place","Yes","Hand marked paper ballots and BMDs","Hand Count and Optical Scan",
"5001127700","Vermont","Town of Georgia  (Franklin County)","3592","1","Assigned Polling Place","Yes","Hand marked paper ballots and BMDs","Hand Count and Optical Scan",
"5001133025","Vermont","Town of Highgate  (Franklin County)","2180","1","Assigned Polling Place","Yes","Hand marked paper ballots and BMDs","Hand Count and Optical Scan",
"5001145850","Vermont","Town of Montgomery  (Franklin County)","878","1","Assigned Polling Place","Yes","Hand marked paper ballots and BMDs","Hand Count and Optical Scan",
"5001159125","Vermont","Town of Richford  (Franklin County)","1629","1","Assigned Polling Place","Yes","Hand marked paper ballots and BMDs","Hand Count and Optical Scan",
"5001161675","Vermont","City of Saint Albans (Franklin County)","5659","1","Assigned Polling Place","Yes","Hand marked paper ballots and BMDs","Hand Count and Optical Scan",
"5001161750","Vermont","Town of Saint Albans (Franklin County)","4676","1","Assigned Polling Place","Yes","Hand marked paper ballots and BMDs","Hand Count and Optical Scan",
"5001164600","Vermont","Town of Sheldon  (Franklin County)","1319","1","Assigned Polling Place","Yes","Hand marked paper ballots and BMDs","Hand Count and Optical Scan",
"5001171725","Vermont","Town of Swanton  (Franklin County)","4252","1","Assigned Polling Place","Yes","Hand marked paper ballots and BMDs","Hand Count and Optical Scan",
"5001300700","Vermont","Town of Alburgh (Grand Isle County)","1241","1","Assigned Polling Place","Yes","Hand marked paper ballots and BMDs","Optical Scan",
"5001329275","Vermont","Town of Grand Isle  (Grand Isle County)","1650","1","Assigned Polling Place","Yes","Hand marked paper ballots and BMDs","Optical Scan",
"5001335875","Vermont","Town of Isle La Motte  (Grand Isle County)","465","1","Assigned Polling Place","Yes","Hand marked paper ballots and BMDs","Optical Scan",
"5001350650","Vermont","Town of North Hero  (Grand Isle County)","827","1","Assigned Polling Place","Yes","Hand marked paper ballots and BMDs","Optical Scan",
"5001367000","Vermont","Town of South Hero  (Grand Isle County)","1497","1","Assigned Polling Place","Yes","Hand marked paper ballots and BMDs","Optical Scan",
"5001504375","Vermont","Town of Belvidere  (Lamoille County)","242","1","Assigned Polling Place","Yes","Hand marked paper ballots and BMDs","Hand Count and Optical Scan",
"5001511500","Vermont","Town of Cambridge  (Lamoille County)","2758","1","Assigned Polling Place","Yes","Hand marked paper ballots and BMDs","Hand Count and Optical Scan",
"5001523500","Vermont","Town of Eden  (Lamoille County)","869","1","Assigned Polling Place","Yes","Hand marked paper ballots and BMDs","Hand Count and Optical Scan",
"5001523725","Vermont","Town of Elmore  (Lamoille County)","718","1","Assigned Polling Place","Yes","Hand marked paper ballots and BMDs","Hand Count and Optical Scan",
"5001535050","Vermont","Town of Hyde Park  (Lamoille County)","2102","1","Assigned Polling Place","Yes","Hand marked paper ballots and BMDs","Hand Count and Optical Scan",
"5001537075","Vermont","Town of Johnson  (Lamoille County)","1957","1","Assigned Polling Place","Yes","Hand marked paper ballots and BMDs","Hand Count and Optical Scan",
"5001546675","Vermont","Town of Morristown  (Lamoille County)","3785","1","Assigned Polling Place","Yes","Hand marked paper ballots and BMDs","Hand Count and Optical Scan",
"5001570525","Vermont","Town of Stowe  (Lamoille County)","3779","1","Assigned Polling Place","Yes","Hand marked paper ballots and BMDs","Hand Count and Optical Scan",
"5001577425","Vermont","Town of Waterville  (Lamoille County)","588","1","Assigned Polling Place","Yes","Hand marked paper ballots and BMDs","Hand Count and Optical Scan",
"5001585375","Vermont","Town of Wolcott  (Lamoille County)","1142","1","Assigned Polling Place","Yes","Hand marked paper ballots and BMDs","Hand Count and Optical Scan",
"5001707375","Vermont","Town of Bradford  (Orange County)","2170","1","Assigned Polling Place","Yes","Hand marked paper ballots and BMDs","Hand Count and Optical Scan",
"5001707600","Vermont","Town of Braintree  (Orange County)","900","1","Assigned Polling Place","Yes","Hand marked paper ballots and BMDs","Hand Count and Optical Scan",
"5001709325","Vermont","Town of Brookfield  (Orange County)","1001","1","Assigned Polling Place","Yes","Hand marked paper ballots and BMDs","Hand Count and Optical Scan",
"5001713525","Vermont","Town of Chelsea  (Orange County)","882","1","Assigned Polling Place","Yes","Hand marked paper ballots and BMDs","Hand Count and Optical Scan",
"5001715700","Vermont","Town of Corinth  (Orange County)","1061","1","Assigned Polling Place","Yes","Hand marked paper ballots and BMDs","Hand Count and Optical Scan",
"5001725675","Vermont","Town of Fairlee  (Orange County)","726","1","Assigned Polling Place","Yes","Hand marked paper ballots and BMDs","Hand Count and Optical Scan",
"5001748175","Vermont","Town of Newbury  (Orange County)","1527","1","Assigned Polling Place","Yes","Hand marked paper ballots and BMDs","Hand Count and Optical Scan",
"5001753425","Vermont","Town of Orange  (Orange County)","806","1","Assigned Polling Place","Yes","Hand marked paper ballots and BMDs","Hand Count and Optical Scan",
"5001758075","Vermont","Town of Randolph  (Orange County)","3527","1","Assigned Polling Place","Yes","Hand marked paper ballots and BMDs","Hand Count and Optical Scan",
"5001770675","Vermont","Town of Strafford  (Orange County)","929","1","Assigned Polling Place","Yes","Hand marked paper ballots and BMDs","Hand Count and Optical Scan",
"5001772400","Vermont","Town of Thetford  (Orange County)","2208","1","Assigned Polling Place","Yes","Hand marked paper ballots and BMDs","Hand Count and Optical Scan",
"5001773075","Vermont","Town of Topsham  (Orange County)","885","1","Assigned Polling Place","Yes","Hand marked paper ballots and BMDs","Hand Count and Optical Scan",
"5001773675","Vermont","Town of Tunbridge  (Orange County)","1084","1","Assigned Polling Place","Yes","Hand marked paper ballots and BMDs","Hand Count and Optical Scan",
"5001774950","Vermont","Town of Vershire  (Orange County)","543","1","Assigned Polling Place","Yes","Hand marked paper ballots and BMDs","Hand Count and Optical Scan",
"5001776750","Vermont","Town of Washington  (Orange County)","824","1","Assigned Polling Place","Yes","Hand marked paper ballots and BMDs","Hand Count and Optical Scan",
"5001779975","Vermont","Town of West Fairlee  (Orange County)","505","1","Assigned Polling Place","Yes","Hand marked paper ballots and BMDs","Hand Count and Optical Scan",
"5001784175","Vermont","Town of Williamstown  (Orange County)","2366","1","Assigned Polling Place","Yes","Hand marked paper ballots and BMDs","Hand Count and Optical Scan",
"5001900475","Vermont","Town of Albany  (Orleans County)","662","1","Assigned Polling Place","Yes","Hand marked paper ballots and BMDs","Hand Count and Optical Scan",
"5001903550","Vermont","Town of Barton  (Orleans County)","1774","1","Assigned Polling Place","Yes","Hand marked paper ballots and BMDs","Hand Count and Optical Scan",
"5001909850","Vermont","Town of Brownington  (Orleans County)","658","1","Assigned Polling Place","Yes","Hand marked paper ballots and BMDs","Hand Count and Optical Scan",
"5001913150","Vermont","Town of Charleston  (Orleans County)","661","1","Assigned Polling Place","Yes","Hand marked paper ballots and BMDs","Hand Count and Optical Scan",
"5001916150","Vermont","Town of Coventry  (Orleans County)","743","1","Assigned Polling Place","Yes","Hand marked paper ballots and BMDs","Hand Count and Optical Scan",
"5001916300","Vermont","Town of Craftsbury  (Orleans County)","914","1","Assigned Polling Place","Yes","Hand marked paper ballots and BMDs","Hand Count and Optical Scan",
"5001917350","Vermont","Town of Derby  (Orleans County)","3386","1","Assigned Polling Place","Yes","Hand marked paper ballots and BMDs","Hand Count and Optical Scan",
"5001928075","Vermont","Town of Glover  (Orleans County)","848","1","Assigned Polling Place","Yes","Hand marked paper ballots and BMDs","Hand Count and Optical Scan",
"5001930175","Vermont","Town of Greensboro  (Orleans County)","613","1","Assigned Polling Place","Yes","Hand marked paper ballots and BMDs","Hand Count and Optical Scan",
"5001933775","Vermont","Town of Holland  (Orleans County)","434","1","Assigned Polling Place","Yes","Hand marked paper ballots and BMDs","Hand Count and Optical Scan",
"5001935575","Vermont","Town of Irasburg  (Orleans County)","854","1","Assigned Polling Place","Yes","Hand marked paper ballots and BMDs","Hand Count and Optical Scan",
"5001936325","Vermont","Town of Jay  (Orleans County)","426","1","Assigned Polling Place","Yes","Hand marked paper ballots and BMDs","Hand Count and Optical Scan",
"5001940525","Vermont","Town of Lowell  (Orleans County)","714","1","Assigned Polling Place","Yes","Hand marked paper ballots and BMDs","Hand Count and Optical Scan",
"5001946450","Vermont","Town of Morgan  (Orleans County)","515","1","Assigned Polling Place","Yes","Hand marked paper ballots and BMDs","Hand Count and Optical Scan",
"5001948850","Vermont","City of Newport (Orleans County)","2997","1","Assigned Polling Place","Yes","Hand marked paper ballots and BMDs","Hand Count and Optical Scan",
"5001948925","Vermont","Town of Newport (Orleans County)","1073","1","Assigned Polling Place","Yes","Hand marked paper ballots and BMDs","Hand Count and Optical Scan",
"5001973525","Vermont","Town of Troy  (Orleans County)","1090","1","Assigned Polling Place","Yes","Hand marked paper ballots and BMDs","Hand Count and Optical Scan",
"5001980200","Vermont","Town of Westfield  (Orleans County)","441","1","Assigned Polling Place","Yes","Hand marked paper ballots and BMDs","Hand Count and Optical Scan",
"5001981700","Vermont","Town of Westmore  (Orleans County)","275","1","Assigned Polling Place","Yes","Hand marked paper ballots and BMDs","Hand Count and Optical Scan",
"5002105200","Vermont","Town of Benson  (Rutland County)","735","1","Assigned Polling Place","Yes","Hand marked paper ballots and BMDs","Hand Count and Optical Scan",
"5002107750","Vermont","Town of Brandon  (Rutland County)","2710","1","Assigned Polling Place","Yes","Hand marked paper ballots and BMDs","Hand Count and Optical Scan",
"5002111950","Vermont","Town of Castleton  (Rutland County)","2575","1","Assigned Polling Place","Yes","Hand marked paper ballots and BMDs","Hand Count and Optical Scan",
"5002114350","Vermont","Town of Chittenden  (Rutland County)","980","1","Assigned Polling Place","Yes","Hand marked paper ballots and BMDs","Hand Count and Optical Scan",
"5002114500","Vermont","Town of Clarendon  (Rutland County)","1819","1","Assigned Polling Place","Yes","Hand marked paper ballots and BMDs","Hand Count and Optical Scan",
"5002116825","Vermont","Town of Danby  (Rutland County)","948","1","Assigned Polling Place","Yes","Hand marked paper ballots and BMDs","Hand Count and Optical Scan",
"5002125375","Vermont","Town of Fair Haven  (Rutland County)","1734","1","Assigned Polling Place","Yes","Hand marked paper ballots and BMDs","Hand Count and Optical Scan",
"5002134450","Vermont","Town of Hubbardton  (Rutland County)","508","1","Assigned Polling Place","Yes","Hand marked paper ballots and BMDs","Hand Count and Optical Scan",
"5002135425","Vermont","Town of Ira  (Rutland County)","295","1","Assigned Polling Place","Yes","Hand marked paper ballots and BMDs","Hand Count and Optical Scan",
"5002137685","Vermont","Town of Killington  (Rutland County)","962","1","Assigned Polling Place","Yes","Hand marked paper ballots and BMDs","Hand Count and Optical Scan",
"5002144125","Vermont","Town of Mendon  (Rutland County)","881","1","Assigned Polling Place","Yes","Hand marked paper ballots and BMDs","Hand Count and Optical Scan",
"5002144800","Vermont","Town of Middletown Springs  (Rutland County)","625","1","Assigned Polling Place","Yes","Hand marked paper ballots and BMDs","Hand Count and Optical Scan",
"5002147200","Vermont","Town of Mount Holly (Rutland County)","1002","1","Assigned Polling Place","Yes","Hand marked paper ballots and BMDs","Hand Count and Optical Scan",
"5002147425","Vermont","Town of Mount Tabor (Rutland County)","141","1","Assigned Polling Place","Yes","Hand marked paper ballots and BMDs","Hand Count and Optical Scan",
"5002154250","Vermont","Town of Pawlet  (Rutland County)","1120","1","Assigned Polling Place","Yes","Hand marked paper ballots and BMDs","Hand Count and Optical Scan",
"5002155450","Vermont","Town of Pittsfield  (Rutland County)","423","1","Assigned Polling Place","Yes","Hand marked paper ballots and BMDs","Hand Count and Optical Scan",
"5002155600","Vermont","Town of Pittsford  (Rutland County)","2248","1","Assigned Polling Place","Yes","Hand marked paper ballots and BMDs","Hand Count and Optical Scan",
"5002156875","Vermont","Town of Poultney  (Rutland County)","2053","1","Assigned Polling Place","Yes","Hand marked paper ballots and BMDs","Hand Count and Optical Scan",
"5002157250","Vermont","Town of Proctor  (Rutland County)","1293","1","Assigned Polling Place","Yes","Hand marked paper ballots and BMDs","Hand Count and Optical Scan",
"5002161225","Vermont","City of Rutland (Rutland County)","10047","4","Assigned Polling Place","Yes","Hand marked paper ballots and BMDs","Hand Count and Optical Scan",
"5002161300","Vermont","Town of Rutland (Rutland County)","2890","2","Assigned Polling Place","Yes","Hand marked paper ballots and BMDs","Hand Count and Optical Scan",
"5002165275","Vermont","Town of Shrewsbury  (Rutland County)","893","1","Assigned Polling Place","Yes","Hand marked paper ballots and BMDs","Hand Count and Optical Scan",
"5002171050","Vermont","Town of Sudbury  (Rutland County)","455","1","Assigned Polling Place","Yes","Hand marked paper ballots and BMDs","Hand Count and Optical Scan",
"5002172925","Vermont","Town of Tinmouth  (Rutland County)","406","1","Assigned Polling Place","Yes","Hand marked paper ballots and BMDs","Hand Count and Optical Scan",
"5002175925","Vermont","Town of Wallingford  (Rutland County)","1515","1","Assigned Polling Place","Yes","Hand marked paper ballots and BMDs","Hand Count and Optical Scan",
"5002177950","Vermont","Town of Wells  (Rutland County)","898","1","Assigned Polling Place","Yes","Hand marked paper ballots and BMDs","Hand Count and Optical Scan",
"5002180875","Vermont","Town of West Haven  (Rutland County)","180","1","Assigned Polling Place","Yes","Hand marked paper ballots and BMDs","Hand Count and Optical Scan",
"5002182300","Vermont","Town of West Rutland  (Rutland County)","1583","1","Assigned Polling Place","Yes","Hand marked paper ballots and BMDs","Hand Count and Optical Scan",
"5002303175","Vermont","City of Barre (Washington County)","4653","1","Assigned Polling Place","Yes","Hand marked paper ballots and BMDs","Optical Scan",
"5002303250","Vermont","Town of Barre (Washington County)","5734","1","Assigned Polling Place","Yes","Hand marked paper ballots and BMDs","Optical Scan",
"5002305650","Vermont","Town of Berlin  (Washington County)","1864","1","Assigned Polling Place","Yes","Hand marked paper ballots and BMDs","Optical Scan",
"5002311125","Vermont","Town of Cabot  (Washington County)","1067","1","Assigned Polling Place","Yes","Hand marked paper ballots and BMDs","Optical Scan",
"5002311350","Vermont","Town of Calais  (Washington County)","1307","1","Assigned Polling Place","Yes","Hand marked paper ballots and BMDs","Optical Scan",
"5002318550","Vermont","Town of Duxbury  (Washington County)","1113","1","Assigned Polling Place","Yes","Hand marked paper ballots and BMDs","Optical Scan",
"5002321925","Vermont","Town of East Montpelier  (Washington County)","2011","1","Assigned Polling Place","Yes","Hand marked paper ballots and BMDs","Optical Scan",
"5002325825","Vermont","Town of Fayston  (Washington County)","1102","1","Assigned Polling Place","Yes","Hand marked paper ballots and BMDs","Optical Scan",
"5002343600","Vermont","Town of Marshfield  (Washington County)","1093","1","Assigned Polling Place","Yes","Hand marked paper ballots and BMDs","Optical Scan",
"5002344500","Vermont","Town of Middlesex  (Washington County)","1404","1","Assigned Polling Place","Yes","Hand marked paper ballots and BMDs","Optical Scan",
"5002346000","Vermont","City of Montpelier  (Washington County)","6139","1","Assigned Polling Place","Yes","Hand marked paper ballots and BMDs","Optical Scan",
"5002346225","Vermont","Town of Moretown  (Washington County)","1396","1","Assigned Polling Place","Yes","Hand marked paper ballots and BMDs","Optical Scan",
"5002350275","Vermont","Town of Northfield  (Washington County)","3334","1","Assigned Polling Place","Yes","Hand marked paper ballots and BMDs","Optical Scan",
"5002355825","Vermont","Town of Plainfield  (Washington County)","1008","1","Assigned Polling Place","Yes","Hand marked paper ballots and BMDs","Optical Scan",
"5002360625","Vermont","Town of Roxbury  (Washington County)","521","1","Assigned Polling Place","Yes","Hand marked paper ballots and BMDs","Optical Scan",
"5002375325","Vermont","Town of Waitsfield  (Washington County)","1402","1","Assigned Polling Place","Yes","Hand marked paper ballots and BMDs","Optical Scan",
"5002376525","Vermont","Town of Warren  (Washington County)","1454","1","Assigned Polling Place","Yes","Hand marked paper ballots and BMDs","Optical Scan",
"5002376975","Vermont","Town of Waterbury  (Washington County)","4089","1","Assigned Polling Place","Yes","Hand marked paper ballots and BMDs","Optical Scan",
"5002385525","Vermont","Town of Woodbury  (Washington County)","686","1","Assigned Polling Place","Yes","Hand marked paper ballots and BMDs","Optical Scan",
"5002386125","Vermont","Town of Worcester  (Washington County)","757","1","Assigned Polling Place","Yes","Hand marked paper ballots and BMDs","Optical Scan",
"5002501900","Vermont","Town of Athens  (Windham County)","284","1","Assigned Polling Place","Yes","Hand marked paper ballots and BMDs","Hand Count and Optical Scan",
"5002507900","Vermont","Town of Brattleboro  (Windham County)","7826","1","Assigned Polling Place","Yes","Hand marked paper ballots and BMDs","Hand Count and Optical Scan",
"5002509475","Vermont","Town of Brookline  (Windham County)","446","1","Assigned Polling Place","Yes","Hand marked paper ballots and BMDs","Hand Count and Optical Scan",
"5002517875","Vermont","Town of Dover  (Windham County)","1120","1","Assigned Polling Place","Yes","Hand marked paper ballots and BMDs","Hand Count and Optical Scan",
"5002518325","Vermont","Town of Dummerston  (Windham County)","1492","1","Assigned Polling Place","Yes","Hand marked paper ballots and BMDs","Hand Count and Optical Scan",
"5002528900","Vermont","Town of Grafton  (Windham County)","529","1","Assigned Polling Place","Yes","Hand marked paper ballots and BMDs","Hand Count and Optical Scan",
"5002530925","Vermont","Town of Guilford  (Windham County)","1715","1","Assigned Polling Place","Yes","Hand marked paper ballots and BMDs","Hand Count and Optical Scan",
"5002531150","Vermont","Town of Halifax  (Windham County)","591","1","Assigned Polling Place","Yes","Hand marked paper ballots and BMDs","Hand Count and Optical Scan",
"5002536175","Vermont","Town of Jamaica  (Windham County)","703","1","Assigned Polling Place","Yes","Hand marked paper ballots and BMDs","Hand Count and Optical Scan",
"5002540225","Vermont","Town of Londonderry (Windham County)","1398","1","Assigned Polling Place","Yes","Hand marked paper ballots and BMDs","Hand Count and Optical Scan",
"5002543375","Vermont","Town of Marlboro  (Windham County)","721","1","Assigned Polling Place","Yes","Hand marked paper ballots and BMDs","Hand Count and Optical Scan",
"5002548400","Vermont","Town of Newfane  (Windham County)","1307","1","Assigned Polling Place","Yes","Hand marked paper ballots and BMDs","Hand Count and Optical Scan",
"5002557700","Vermont","Town of Putney  (Windham County)","1708","1","Assigned Polling Place","Yes","Hand marked paper ballots and BMDs","Hand Count and Optical Scan",
"5002560250","Vermont","Town of Rockingham  (Windham County)","3246","1","Assigned Polling Place","Yes","Hand marked paper ballots and BMDs","Hand Count and Optical Scan",
"5002570750","Vermont","Town of Stratton  (Windham County)","213","1","Assigned Polling Place","Yes","Hand marked paper ballots and BMDs","Hand Count and Optical Scan",
"5002573300","Vermont","Town of Townshend  (Windham County)","1033","1","Assigned Polling Place","Yes","Hand marked paper ballots and BMDs","Hand Count and Optical Scan",
"5002574800","Vermont","Town of Vernon  (Windham County)","1690","1","Assigned Polling Place","Yes","Hand marked paper ballots and BMDs","Hand Count and Optical Scan",
"5002576225","Vermont","Town of Wardsboro  (Windham County)","588","1","Assigned Polling Place","Yes","Hand marked paper ballots and BMDs","Hand Count and Optical Scan",
"5002581400","Vermont","Town of Westminster  (Windham County)","2231","1","Assigned Polling Place","Yes","Hand marked paper ballots and BMDs","Hand Count and Optical Scan",
"5002583950","Vermont","Town of Whitingham  (Windham County)","946","1","Assigned Polling Place","Yes","Hand marked paper ballots and BMDs","Hand Count and Optical Scan",
"5002584700","Vermont","Town of Wilmington  (Windham County)","1525","1","Assigned Polling Place","Yes","Hand marked paper ballots and BMDs","Hand Count and Optical Scan",
"5002584850","Vermont","Town of Windham  (Windham County)","319","1","Assigned Polling Place","Yes","Hand marked paper ballots and BMDs","Hand Count and Optical Scan",
"5002701300","Vermont","Town of Andover  (Windsor County)","396","1","Assigned Polling Place","Yes","Hand marked paper ballots and BMDs","Hand Count and Optical Scan",
"5002702575","Vermont","Town of Baltimore  (Windsor County)","187","1","Assigned Polling Place","Yes","Hand marked paper ballots and BMDs","Hand Count and Optical Scan",
"5002702725","Vermont","Town of Barnard  (Windsor County)","719","1","Assigned Polling Place","Yes","Hand marked paper ballots and BMDs","Hand Count and Optical Scan",
"5002705800","Vermont","Town of Bethel  (Windsor County)","1382","1","Assigned Polling Place","Yes","Hand marked paper ballots and BMDs","Hand Count and Optical Scan",
"5002708275","Vermont","Town of Bridgewater  (Windsor County)","678","1","Assigned Polling Place","Yes","Hand marked paper ballots and BMDs","Hand Count and Optical Scan",
"5002712250","Vermont","Town of Cavendish  (Windsor County)","982","1","Assigned Polling Place","Yes","Hand marked paper ballots and BMDs","Hand Count and Optical Scan",
"5002713675","Vermont","Town of Chester  (Windsor County)","2117","1","Assigned Polling Place","Yes","Hand marked paper ballots and BMDs","Hand Count and Optical Scan",
"5002732275","Vermont","Town of Hartford  (Windsor County)","7634","1","Assigned Polling Place","Yes","Hand marked paper ballots and BMDs","Hand Count and Optical Scan",
"5002732425","Vermont","Town of Hartland  (Windsor County)","2603","1","Assigned Polling Place","Yes","Hand marked paper ballots and BMDs","Hand Count and Optical Scan",
"5002741275","Vermont","Town of Ludlow  (Windsor County)","1580","1","Assigned Polling Place","Yes","Hand marked paper ballots and BMDs","Hand Count and Optical Scan",
"5002752900","Vermont","Town of Norwich  (Windsor County)","3030","1","Assigned Polling Place","Yes","Hand marked paper ballots and BMDs","Hand Count and Optical Scan",
"5002756050","Vermont","Town of Plymouth  (Windsor County)","436","1","Assigned Polling Place","Yes","Hand marked paper ballots and BMDs","Hand Count and Optical Scan",
"5002756350","Vermont","Town of Pomfret  (Windsor County)","748","1","Assigned Polling Place","Yes","Hand marked paper ballots and BMDs","Hand Count and Optical Scan",
"5002758375","Vermont","Town of Reading  (Windsor County)","510","1","Assigned Polling Place","Yes","Hand marked paper ballots and BMDs","Hand Count and Optical Scan",
"5002760100","Vermont","Town of Rochester  (Windsor County)","928","1","Assigned Polling Place","Yes","Hand marked paper ballots and BMDs","Hand Count and Optical Scan",
"5002760850","Vermont","Town of Royalton  (Windsor County)","1818","1","Assigned Polling Place","Yes","Hand marked paper ballots and BMDs","Hand Count and Optical Scan",
"5002763775","Vermont","Town of Sharon  (Windsor County)","1125","1","Assigned Polling Place","Yes","Hand marked paper ballots and BMDs","Hand Count and Optical Scan",
"5002769550","Vermont","Town of Springfield  (Windsor County)","5454","1","Assigned Polling Place","Yes","Hand marked paper ballots and BMDs","Hand Count and Optical Scan",
"5002770375","Vermont","Town of Stockbridge  (Windsor County)","541","1","Assigned Polling Place","Yes","Hand marked paper ballots and BMDs","Hand Count and Optical Scan",
"5002777500","Vermont","Town of Weathersfield  (Windsor County)","2135","1","Assigned Polling Place","Yes","Hand marked paper ballots and BMDs","Hand Count and Optical Scan",
"5002783050","Vermont","Town of West Windsor  (Windsor County)","974","1","Assigned Polling Place","Yes","Hand marked paper ballots and BMDs","Hand Count and Optical Scan",
"5002782000","Vermont","Town of Weston  (Windsor County)","514","1","Assigned Polling Place","Yes","Hand marked paper ballots and BMDs","Hand Count and Optical Scan",
"5002784925","Vermont","Town of Windsor  (Windsor County)","2296","1","Assigned Polling Place","Yes","Hand marked paper ballots and BMDs","Hand Count and Optical Scan",
"5002785975","Vermont","Town of Woodstock  (Windsor County)","2531","1","Assigned Polling Place","Yes","Hand marked paper ballots and BMDs","Hand Count and Optical Scan",
"5100100000","Virginia","Accomack County","24137","16","Assigned Polling Place","No","Hand marked paper ballots and BMDs","Optical Scan",
"5100300000","Virginia","Albemarle County","79233","30","Assigned Polling Place","No","Hand marked paper ballots and BMDs","Optical Scan",
"5151000000","Virginia","City of Alexandria","98564","30","Assigned Polling Place","No","Hand marked paper ballots and BMDs","Optical Scan",
"5100500000","Virginia","Alleghany County","10391","12","Assigned Polling Place","No","Hand marked paper ballots and BMDs","Optical Scan",
"5100700000","Virginia","Amelia County","9858","5","Assigned Polling Place","No","Hand marked paper ballots and BMDs","Optical Scan",
"5100900000","Virginia","Amherst County","21961","11","Assigned Polling Place","No","Hand marked paper ballots and BMDs","Optical Scan",
"5101100000","Virginia","Appomattox County","11800","9","Assigned Polling Place","No","Hand marked paper ballots and BMDs","Optical Scan",
"5101300000","Virginia","Arlington County","157773","54","Assigned Polling Place","No","Hand marked paper ballots and BMDs","Optical Scan",
"5101500000","Virginia","Augusta County","53084","28","Assigned Polling Place","No","Hand marked paper ballots and BMDs","Optical Scan",
"5101700000","Virginia","Bath County","3216","7","Assigned Polling Place","No","Hand marked paper ballots and BMDs","Optical Scan",
"5101900000","Virginia","Bedford County","60739","32","Assigned Polling Place","No","Hand marked paper ballots and BMDs","Optical Scan",
"5102100000","Virginia","Bland County","4336","7","Assigned Polling Place","No","Hand marked paper ballots and BMDs","Optical Scan",
"5102300000","Virginia","Botetourt County","25574","10","Assigned Polling Place","No","Hand marked paper ballots and BMDs","Optical Scan",
"5152000000","Virginia","City of Bristol","11024","4","Assigned Polling Place","No","Hand marked paper ballots and BMDs","Optical Scan",
"5102500000","Virginia","Brunswick County","10729","13","Assigned Polling Place","No","Hand marked paper ballots and BMDs","Optical Scan",
"5102700000","Virginia","Buchanan County","14329","18","Assigned Polling Place","No","Hand marked paper ballots and BMDs","Optical Scan",
"5102900000","Virginia","Buckingham County","10720","10","Assigned Polling Place","No","Hand marked paper ballots and BMDs","Optical Scan",
"5153000000","Virginia","City of Buena Vista","4078","2","Assigned Polling Place","No","Hand marked paper ballots and BMDs","Optical Scan",
"5103100000","Virginia","Campbell County","39289","16","Assigned Polling Place","No","Hand marked paper ballots and BMDs","Optical Scan",
"5103300000","Virginia","Caroline County","21860","13","Assigned Polling Place","No","Hand marked paper ballots and BMDs","Optical Scan",
"5103500000","Virginia","Carroll County","20498","16","Assigned Polling Place","No","Hand marked paper ballots and BMDs","Optical Scan",
"5103600000","Virginia","Charles City County","5578","3","Assigned Polling Place","No","Hand marked paper ballots and BMDs","Optical Scan",
"5103700000","Virginia","Charlotte County","8158","7","Assigned Polling Place","No","Hand marked paper ballots and BMDs","Optical Scan",
"5154000000","Virginia","City of Charlottesville","30841","9","Assigned Polling Place","No","Hand marked paper ballots and BMDs","Optical Scan",
"5155000000","Virginia","City of Chesapeake","164900","64","Assigned Polling Place","No","Hand marked paper ballots and BMDs","Optical Scan",
"5104100000","Virginia","Chesterfield County","254761","86","Assigned Polling Place","No","Hand marked paper ballots and BMDs","Optical Scan",
"5104300000","Virginia","Clarke County","11676","7","Assigned Polling Place","No","Hand marked paper ballots and BMDs","Optical Scan",
"5157000000","Virginia","City of Colonial Heights","12311","5","Assigned Polling Place","No","Hand marked paper ballots and BMDs","Optical Scan",
"5158000000","Virginia","City of Covington","3703","5","Assigned Polling Place","No","Hand marked paper ballots and BMDs","Optical Scan",
"5104500000","Virginia","Craig County","3828","8","Assigned Polling Place","No","Hand marked paper ballots and BMDs","Optical Scan",
"5104700000","Virginia","Culpeper County","35272","15","Assigned Polling Place","No","Hand marked paper ballots and BMDs","Optical Scan",
"5104900000","Virginia","Cumberland County","7159","5","Assigned Polling Place","No","Hand marked paper ballots and BMDs","Optical Scan",
"5159000000","Virginia","City of Danville","26998","16","Assigned Polling Place","No","Hand marked paper ballots and BMDs","Optical Scan",
"5105100000","Virginia","Dickenson County","9672","11","Assigned Polling Place","No","Hand marked paper ballots and BMDs","Optical Scan",
"5105300000","Virginia","Dinwiddie County","19939","13","Assigned Polling Place","No","Hand marked paper ballots and BMDs","Optical Scan",
"5159500000","Virginia","City of Emporia","3785","7","Assigned Polling Place","No","Hand marked paper ballots and BMDs","Optical Scan",
"5105700000","Virginia","Essex County","7980","4","Assigned Polling Place","No","Hand marked paper ballots and BMDs","Optical Scan",
"5160000000","Virginia","City of Fairfax","16453","6","Assigned Polling Place","No","Hand marked paper ballots and BMDs","Optical Scan",
"5105900000","Virginia","Fairfax County","738444","264","Assigned Polling Place","No","Hand marked paper ballots and BMDs","Optical Scan",
"5161000000","Virginia","City of Falls Church","10245","3","Assigned Polling Place","No","Hand marked paper ballots and BMDs","Optical Scan",
"5106100000","Virginia","Fauquier County","53078","24","Assigned Polling Place","No","Hand marked paper ballots and BMDs","Optical Scan",
"5106300000","Virginia","Floyd County","11437","5","Assigned Polling Place","No","Hand marked paper ballots and BMDs","Optical Scan",
"5106500000","Virginia","Fluvanna County","20175","5","Assigned Polling Place","No","Hand marked paper ballots and BMDs","Optical Scan",
"5162000000","Virginia","City of Franklin","5603","6","Assigned Polling Place","No","Hand marked paper ballots and BMDs","Optical Scan",
"5106700000","Virginia","Franklin County","38679","23","Assigned Polling Place","No","Hand marked paper ballots and BMDs","Optical Scan",
"5106900000","Virginia","Frederick County","64145","29","Assigned Polling Place","No","Hand marked paper ballots and BMDs","Optical Scan",
"5163000000","Virginia","City of Fredericksburg","17751","5","Assigned Polling Place","No","Hand marked paper ballots and BMDs","Optical Scan",
"5164000000","Virginia","City of Galax","3827","2","Assigned Polling Place","No","Hand marked paper ballots and BMDs","Optical Scan",
"5107100000","Virginia","Giles County","11671","9","Assigned Polling Place","No","Hand marked paper ballots and BMDs","Optical Scan",
"5107300000","Virginia","Gloucester County","28998","11","Assigned Polling Place","No","Hand marked paper ballots and BMDs","Optical Scan",
"5107500000","Virginia","Goochland County","20613","10","Assigned Polling Place","No","Hand marked paper ballots and BMDs","Optical Scan",
"5107700000","Virginia","Grayson County","10575","15","Assigned Polling Place","No","Hand marked paper ballots and BMDs","Optical Scan",
"5107900000","Virginia","Greene County","14351","6","Assigned Polling Place","No","Hand marked paper ballots and BMDs","Optical Scan",
"5108100000","Virginia","Greensville County","6186","9","Assigned Polling Place","No","Hand marked paper ballots and BMDs","Optical Scan",
"5108300000","Virginia","Halifax County","24201","20","Assigned Polling Place","No","Hand marked paper ballots and BMDs","Optical Scan",
"5165000000","Virginia","City of Hampton","90951","30","Assigned Polling Place","No","Hand marked paper ballots and BMDs","Optical Scan",
"5108500000","Virginia","Hanover County","84126","36","Assigned Polling Place","No","Hand marked paper ballots and BMDs","Optical Scan",
"5166000000","Virginia","City of Harrisonburg","23707","8","Assigned Polling Place","No","Hand marked paper ballots and BMDs","Optical Scan",
"5108700000","Virginia","Henrico County","229825","94","Assigned Polling Place","No","Hand marked paper ballots and BMDs","Optical Scan",
"5108900000","Virginia","Henry County","35066","24","Assigned Polling Place","No","Hand marked paper ballots and BMDs","Optical Scan",
"5109100000","Virginia","Highland County","1823","5","Assigned Polling Place","No","Hand marked paper ballots and BMDs","Optical Scan",
"5167000000","Virginia","City of Hopewell","14685","7","Assigned Polling Place","No","Hand marked paper ballots and BMDs","Optical Scan",
"5109300000","Virginia","Isle of Wight County","29723","17","Assigned Polling Place","No","Hand marked paper ballots and BMDs","Optical Scan",
"5109500000","Virginia","James City County","60829","18","Assigned Polling Place","No","Hand marked paper ballots and BMDs","Optical Scan",
"5109900000","Virginia","King George County","18451","5","Assigned Polling Place","No","Hand marked paper ballots and BMDs","Optical Scan",
"5110100000","Virginia","King William County","13484","6","Assigned Polling Place","No","Hand marked paper ballots and BMDs","Optical Scan",
"5109700000","Virginia","King and Queen County","5213","5","Assigned Polling Place","No","Hand marked paper ballots and BMDs","Optical Scan",
"5110300000","Virginia","Lancaster County","8926","6","Assigned Polling Place","No","Hand marked paper ballots and BMDs","Optical Scan",
"5110500000","Virginia","Lee County","15038","16","Assigned Polling Place","No","Hand marked paper ballots and BMDs","Optical Scan",
"5167800000","Virginia","City of Lexington","3811","1","Assigned Polling Place","No","Hand marked paper ballots and BMDs","Optical Scan",
"5110700000","Virginia","Loudoun County","275011","98","Assigned Polling Place","No","Hand marked paper ballots and BMDs","Optical Scan",
"5110900000","Virginia","Louisa County","28464","14","Assigned Polling Place","No","Hand marked paper ballots and BMDs","Optical Scan",
"5111100000","Virginia","Lunenburg County","7811","11","Assigned Polling Place","No","Hand marked paper ballots and BMDs","Optical Scan",
"5168000000","Virginia","City of Lynchburg","49558","18","Assigned Polling Place","No","Hand marked paper ballots and BMDs","Optical Scan",
"5111300000","Virginia","Madison County","10043","9","Assigned Polling Place","No","Hand marked paper ballots and BMDs","Optical Scan",
"5168300000","Virginia","City of Manassas","22015","6","Assigned Polling Place","No","Hand marked paper ballots and BMDs","Optical Scan",
"5168500000","Virginia","City of Manassas Park","8209","3","Assigned Polling Place","No","Hand marked paper ballots and BMDs","Optical Scan",
"5169000000","Virginia","City of Martinsville","8539","6","Assigned Polling Place","No","Hand marked paper ballots and BMDs","Optical Scan",
"5111500000","Virginia","Mathews County","7082","3","Assigned Polling Place","No","Hand marked paper ballots and BMDs","Optical Scan",
"5111700000","Virginia","Mecklenburg County","22117","23","Assigned Polling Place","No","Hand marked paper ballots and BMDs","Optical Scan",
"5111900000","Virginia","Middlesex County","8446","6","Assigned Polling Place","No","Hand marked paper ballots and BMDs","Optical Scan",
"5112100000","Virginia","Montgomery County","56707","29","Assigned Polling Place","No","Hand marked paper ballots and BMDs","Optical Scan",
"5112500000","Virginia","Nelson County","11494","9","Assigned Polling Place","No","Hand marked paper ballots and BMDs","Optical Scan",
"5112700000","Virginia","New Kent County","18345","10","Assigned Polling Place","No","Hand marked paper ballots and BMDs","Optical Scan",
"5170000000","Virginia","City of Newport News","113720","44","Assigned Polling Place","No","Hand marked paper ballots and BMDs","Optical Scan",
"5171000000","Virginia","City of Norfolk","128419","48","Assigned Polling Place","No","Hand marked paper ballots and BMDs","Optical Scan",
"5113100000","Virginia","Northampton County","9271","5","Assigned Polling Place","No","Hand marked paper ballots and BMDs","Optical Scan",
"5113300000","Virginia","Northumberland County","10043","5","Assigned Polling Place","No","Hand marked paper ballots and BMDs","Optical Scan",
"5172000000","Virginia","City of Norton","2464","1","Assigned Polling Place","No","Hand marked paper ballots and BMDs","Optical Scan",
"5113500000","Virginia","Nottoway County","9335","9","Assigned Polling Place","No","Hand marked paper ballots and BMDs","Optical Scan",
"5113700000","Virginia","Orange County","27164","12","Assigned Polling Place","No","Hand marked paper ballots and BMDs","Optical Scan",
"5113900000","Virginia","Page County","16590","5","Assigned Polling Place","No","Hand marked paper ballots and BMDs","Optical Scan",
"5114100000","Virginia","Patrick County","12498","13","Assigned Polling Place","No","Hand marked paper ballots and BMDs","Optical Scan",
"5173000000","Virginia","City of Petersburg","21963","7","Assigned Polling Place","No","Hand marked paper ballots and BMDs","Optical Scan",
"5114300000","Virginia","Pittsylvania County","43735","29","Assigned Polling Place","No","Hand marked paper ballots and BMDs","Optical Scan",
"5173500000","Virginia","City of Poquoson","9197","3","Assigned Polling Place","No","Hand marked paper ballots and BMDs","Optical Scan",
"5174000000","Virginia","City of Portsmouth","63618","31","Assigned Polling Place","No","Hand marked paper ballots and BMDs","Optical Scan",
"5114500000","Virginia","Powhatan County","23539","12","Assigned Polling Place","No","Hand marked paper ballots and BMDs","Optical Scan",
"5114700000","Virginia","Prince Edward County","12909","10","Assigned Polling Place","No","Hand marked paper ballots and BMDs","Optical Scan",
"5114900000","Virginia","Prince George County","22704","10","Assigned Polling Place","No","Hand marked paper ballots and BMDs","Optical Scan",
"5115300000","Virginia","Prince William County","296053","103","Assigned Polling Place","No","Hand marked paper ballots and BMDs","Optical Scan",
"5115500000","Virginia","Pulaski County","23066","13","Assigned Polling Place","No","Hand marked paper ballots and BMDs","Optical Scan",
"5175000000","Virginia","City of Radford","8550","4","Assigned Polling Place","No","Hand marked paper ballots and BMDs","Optical Scan",
"5115700000","Virginia","Rappahannock County","6020","6","Assigned Polling Place","No","Hand marked paper ballots and BMDs","Optical Scan",
"5176000000","Virginia","City of Richmond","145584","73","Assigned Polling Place","No","Hand marked paper ballots and BMDs","Optical Scan",
"5115900000","Virginia","Richmond County","5455","6","Assigned Polling Place","No","Hand marked paper ballots and BMDs","Optical Scan",
"5177000000","Virginia","City of Roanoke","61647","20","Assigned Polling Place","No","Hand marked paper ballots and BMDs","Optical Scan",
"5116100000","Virginia","Roanoke County","69576","33","Assigned Polling Place","No","Hand marked paper ballots and BMDs","Optical Scan",
"5116300000","Virginia","Rockbridge County","15666","17","Assigned Polling Place","No","Hand marked paper ballots and BMDs","Optical Scan",
"5116500000","Virginia","Rockingham County","54633","29","Assigned Polling Place","No","Hand marked paper ballots and BMDs","Optical Scan",
"5116700000","Virginia","Russell County","18661","15","Assigned Polling Place","No","Hand marked paper ballots and BMDs","Optical Scan",
"5177500000","Virginia","City of Salem","16899","10","Assigned Polling Place","No","Hand marked paper ballots and BMDs","Optical Scan",
"5116900000","Virginia","Scott County","15570","17","Assigned Polling Place","No","Hand marked paper ballots and BMDs","Optical Scan",
"5117100000","Virginia","Shenandoah County","30911","14","Assigned Polling Place","No","Hand marked paper ballots and BMDs","Optical Scan",
"5117300000","Virginia","Smyth County","19541","14","Assigned Polling Place","No","Hand marked paper ballots and BMDs","Optical Scan",
"5117500000","Virginia","Southampton County","12708","13","Assigned Polling Place","No","Hand marked paper ballots and BMDs","Optical Scan",
"5117700000","Virginia","Spotsylvania County","99807","29","Assigned Polling Place","No","Hand marked paper ballots and BMDs","Optical Scan",
"5117900000","Virginia","Stafford County","103637","37","Assigned Polling Place","No","Hand marked paper ballots and BMDs","Optical Scan",
"5179000000","Virginia","City of Staunton","17111","5","Assigned Polling Place","No","Hand marked paper ballots and BMDs","Optical Scan",
"5180000000","Virginia","City of Suffolk","66824","30","Assigned Polling Place","No","Hand marked paper ballots and BMDs","Optical Scan",
"5118100000","Virginia","Surry County","5473","6","Assigned Polling Place","No","Hand marked paper ballots and BMDs","Optical Scan",
"5118300000","Virginia","Sussex County","6877","10","Assigned Polling Place","No","Hand marked paper ballots and BMDs","Optical Scan",
"5118500000","Virginia","Tazewell County","25843","20","Assigned Polling Place","No","Hand marked paper ballots and BMDs","Optical Scan",
"5181000000","Virginia","City of Virginia Beach","304911","108","Assigned Polling Place","No","Hand marked paper ballots and BMDs","Optical Scan",
"5118700000","Virginia","Warren County","28864","11","Assigned Polling Place","No","Hand marked paper ballots and BMDs","Optical Scan",
"5119100000","Virginia","Washington County","37933","19","Assigned Polling Place","No","Hand marked paper ballots and BMDs","Optical Scan",
"5182000000","Virginia","City of Waynesboro","14501","4","Assigned Polling Place","No","Hand marked paper ballots and BMDs","Optical Scan",
"5119300000","Virginia","Westmoreland County","13548","8","Assigned Polling Place","No","Hand marked paper ballots and BMDs","Optical Scan",
"5183000000","Virginia","City of Williamsburg","8897","2","Assigned Polling Place","No","Hand marked paper ballots and BMDs","Optical Scan",
"5184000000","Virginia","City of Winchester","16726","6","Assigned Polling Place","No","Hand marked paper ballots and BMDs","Optical Scan",
"5119500000","Virginia","Wise County","23766","12","Assigned Polling Place","No","Hand marked paper ballots and BMDs","Optical Scan",
"5119700000","Virginia","Wythe County","20231","11","Assigned Polling Place","No","Hand marked paper ballots and BMDs","Optical Scan",
"5119900000","Virginia","York County","47673","13","Assigned Polling Place","No","Hand marked paper ballots and BMDs","Optical Scan",
"5300100000","Washington","Adams County","7859","28","","Yes","Hand marked paper ballots and BMDs","Optical Scan",
"5300300000","Washington","Asotin County","14826","26","Election Office","Yes","Hand marked paper ballots and BMDs","Optical Scan",
"5300500000","Washington","Benton County","126127","255","Election Office","Yes","Hand marked paper ballots and BMDs","Optical Scan",
"5300700000","Washington","Chelan County","50966","92","Election Office","Yes","Hand marked paper ballots and BMDs","Optical Scan",
"5300900000","Washington","Clallam County","57254","67","Election Office","Yes","Hand marked paper ballots and BMDs","Optical Scan",
"5301100000","Washington","Clark County","327112","350","Election Office","Yes","Hand marked paper ballots and BMDs","Optical Scan",
"5301300000","Washington","Columbia County","2856","13","Election Office","Yes","Hand marked paper ballots and BMDs","Optical Scan",
"5301500000","Washington","Cowlitz County","71836","91","Election Office","Yes","Hand marked paper ballots and BMDs","Optical Scan",
"5301700000","Washington","Douglas County","26073","49","Election Office","Yes","Hand marked paper ballots and BMDs","Optical Scan",
"5301900000","Washington","Ferry County","5185","19","Election Office","Yes","Hand marked paper ballots and BMDs","Optical Scan",
"5302100000","Washington","Franklin County","42831","121","Election Office","Yes","Hand marked paper ballots and BMDs","Optical Scan",
"5302300000","Washington","Garfield County","1687","11","Election Office","Yes","Hand marked paper ballots and BMDs","Optical Scan",
"5302500000","Washington","Grant County","47752","81","Election Office","Yes","Hand marked paper ballots and BMDs","Optical Scan",
"5302700000","Washington","Grays Harbor County","48359","97","Election Office","Yes","Hand marked paper ballots and BMDs","Optical Scan",
"5302900000","Washington","Island County","61274","90","Election Office","Yes","Hand marked paper ballots and BMDs","Optical Scan",
"5303100000","Washington","Jefferson County","27600","37","Election Office","Yes","Hand marked paper ballots and BMDs","Optical Scan",
"5303300000","Washington","King County","1383660","2751","Election Office","Yes","Hand marked paper ballots and BMDs","Optical Scan",
"5303500000","Washington","Kitsap County","187299","219","Election Office","Yes","Hand marked paper ballots and BMDs","Optical Scan",
"5303700000","Washington","Kittitas County","29846","48","Election Office","Yes","Hand marked paper ballots and BMDs","Optical Scan",
"5303900000","Washington","Klickitat County","15933","29","Election Office","Yes","Hand marked paper ballots and BMDs","Optical Scan",
"5304100000","Washington","Lewis County","54557","99","Election Office","Yes","Hand marked paper ballots and BMDs","Optical Scan",
"5304300000","Washington","Lincoln County","8243","46","Election Office","Yes","Hand marked paper ballots and BMDs","Optical Scan",
"5304500000","Washington","Mason County","43892","55","Election Office","Yes","Hand marked paper ballots and BMDs","Optical Scan",
"5304700000","Washington","Okanogan County","25813","248","Election Office","Yes","Hand marked paper ballots and BMDs","Optical Scan",
"5304900000","Washington","Pacific County","16878","41","Election Office","Yes","Hand marked paper ballots and BMDs","Optical Scan",
"5305100000","Washington","Pend Oreille County","10729","27","Election Office","Yes","Hand marked paper ballots and BMDs","Optical Scan",
"5305300000","Washington","Pierce County","552260","730","Election Office","Yes","Hand marked paper ballots and BMDs","Optical Scan",
"5305500000","Washington","San Juan County","14644","23","Election Office","Yes","Hand marked paper ballots and BMDs","Optical Scan",
"5305700000","Washington","Skagit County","85478","121","Election Office","Yes","Hand marked paper ballots and BMDs","Optical Scan",
"5305900000","Washington","Skamania County","9103","23","Election Office","Yes","Hand marked paper ballots and BMDs","Optical Scan",
"5306100000","Washington","Snohomish County","508780","844","Election Office","Yes","Hand marked paper ballots and BMDs","Optical Scan",
"5306300000","Washington","Spokane County","359643","439","Election Office","Yes","Hand marked paper ballots and BMDs","Optical Scan",
"5306500000","Washington","Stevens County","34478","58","Election Office","Yes","Hand marked paper ballots and BMDs","Optical Scan",
"5306700000","Washington","Thurston County","195804","292","Election Office","Yes","Hand marked paper ballots and BMDs","Optical Scan",
"5306900000","Washington","Wahkiakum County","3461","11","Election Office","Yes","Hand marked paper ballots and BMDs","Optical Scan",
"5307100000","Washington","Walla Walla County","37124","62","Election Office","Yes","Hand marked paper ballots and BMDs","Optical Scan",
"5307300000","Washington","Whatcom County","157683","173","Election Office","Yes","Hand marked paper ballots and BMDs","Optical Scan",
"5307500000","Washington","Whitman County","22979","80","Election Office","Yes","Hand marked paper ballots and BMDs","Optical Scan",
"5307700000","Washington","Yakima County","127510","175","Election Office","Yes","Hand marked paper ballots and BMDs","Optical Scan",
"5400100000","West Virginia","Barbour County","8462","13","Assigned Polling Place","No","Ballot Marking Devices for all voters","Optical Scan",
"5400300000","West Virginia","Berkeley County","76043","80","Assigned Polling Place","No","Ballot Marking Devices for all voters","Optical Scan",
"5400500000","West Virginia","Boone County","12902","26","Assigned Polling Place","No","Ballot Marking Devices for all voters","Optical Scan",
"5400700000","West Virginia","Braxton County","7022","18","Assigned Polling Place","No","Hand marked paper ballots and DREs with VVPAT","Optical Scan and DRE",
"5400900000","West Virginia","Brooke County","13745","20","Assigned Polling Place","No","Ballot Marking Devices for all voters","Optical Scan",
"5401100000","West Virginia","Cabell County","47554","68","Assigned Polling Place","No","Ballot Marking Devices for all voters","Optical Scan",
"5401300000","West Virginia","Calhoun County","4135","10","Assigned Polling Place","No","DREs with VVPAT for all voters","DRE",
"5401500000","West Virginia","Clay County","4493","12","Assigned Polling Place","No","Hand marked paper ballots and DREs with VVPAT","Optical Scan and DRE",
"5401700000","West Virginia","Doddridge County","3794","12","Assigned Polling Place","No","Ballot Marking Devices for all voters","Optical Scan",
"5401900000","West Virginia","Fayette County","24144","39","Assigned Polling Place","No","Ballot Marking Devices for all voters","Optical Scan",
"5402100000","West Virginia","Gilmer County","3580","10","Assigned Polling Place","No","Hand marked paper ballots and BMDs","Optical Scan",
"5402300000","West Virginia","Grant County","6695","14","Assigned Polling Place","No","Ballot Marking Devices for all voters","Optical Scan",
"5402500000","West Virginia","Greenbrier County","19284","28","Assigned Polling Place","No","DREs with VVPAT for all voters","DRE",
"5402700000","West Virginia","Hampshire County","12670","25","Assigned Polling Place","No","Ballot Marking Devices for all voters","Optical Scan",
"5402900000","West Virginia","Hancock County","16691","24","Assigned Polling Place","No","Ballot Marking Devices for all voters","Optical Scan",
"5403100000","West Virginia","Hardy County","7847","14","Assigned Polling Place","No","Ballot Marking Devices for all voters","Optical Scan",
"5403300000","West Virginia","Harrison County","38535","64","Assigned Polling Place","No","Ballot Marking Devices for all voters","Optical Scan",
"5403500000","West Virginia","Jackson County","16617","30","Assigned Polling Place","No","Ballot Marking Devices for all voters","Optical Scan",
"5403700000","West Virginia","Jefferson County","39260","32","Assigned Polling Place","No","Ballot Marking Devices for all voters","Optical Scan",
"5403900000","West Virginia","Kanawha County","109199","201","Assigned Polling Place","No","Ballot Marking Devices for all voters","Optical Scan",
"5404100000","West Virginia","Lewis County","9101","24","Assigned Polling Place","No","Hand marked paper ballots and BMDs","Optical Scan",
"5404300000","West Virginia","Lincoln County","10411","14","Assigned Polling Place","No","Ballot Marking Devices for all voters","Optical Scan",
"5404500000","West Virginia","Logan County","20238","34","Assigned Polling Place","No","Ballot Marking Devices for all voters","Optical Scan",
"5404900000","West Virginia","Marion County","34267","77","Assigned Polling Place","No","Ballot Marking Devices for all voters","BMD/Tabulator",
"5405100000","West Virginia","Marshall County","18272","35","Assigned Polling Place","No","Ballot Marking Devices for all voters","BMD/Tabulator",
"5405300000","West Virginia","Mason County","13986","31","Assigned Polling Place","No","Ballot Marking Devices for all voters","Optical Scan",
"5404700000","West Virginia","McDowell County","11509","38","Assigned Polling Place","No","Hand marked paper ballots and DREs with VVPAT","Optical Scan and DRE",
"5405500000","West Virginia","Mercer County","35178","45","Assigned Polling Place","No","DREs with VVPAT for all voters","DRE",
"5405700000","West Virginia","Mineral County","15889","24","Assigned Polling Place","No","Hand marked paper ballots and BMDs","Optical Scan",
"5405900000","West Virginia","Mingo County","16168","28","Assigned Polling Place","No","Ballot Marking Devices for all voters","Optical Scan",
"5406100000","West Virginia","Monongalia County","55854","43","Assigned Polling Place","No","Ballot Marking Devices for all voters","Optical Scan",
"5406300000","West Virginia","Monroe County","8860","11","Assigned Polling Place","No","Ballot Marking Devices for all voters","Optical Scan",
"5406500000","West Virginia","Morgan County","12058","14","Assigned Polling Place","No","DREs with VVPAT for all voters","DRE",
"5406700000","West Virginia","Nicholas County","13900","30","Assigned Polling Place","No","Hand marked paper ballots and BMDs","Optical Scan",
"5406900000","West Virginia","Ohio County","24548","36","Assigned Polling Place","No","Ballot Marking Devices for all voters","Optical Scan",
"5407100000","West Virginia","Pendleton County","4414","9","Assigned Polling Place","No","Ballot Marking Devices for all voters","Optical Scan",
"5407300000","West Virginia","Pleasants County","4321","11","Assigned Polling Place","No","Ballot Marking Devices for all voters","Optical Scan",
"5407500000","West Virginia","Pocahontas County","4949","16","Assigned Polling Place","No","Ballot Marking Devices for all voters","Optical Scan",
"5407700000","West Virginia","Preston County","17719","28","Assigned Polling Place","No","Ballot Marking Devices for all voters","Optical Scan",
"5407900000","West Virginia","Putnam County","34332","46","Assigned Polling Place","No","Ballot Marking Devices for all voters","Optical Scan",
"5408100000","West Virginia","Raleigh County","45739","60","Assigned Polling Place","No","Ballot Marking Devices for all voters","Optical Scan",
"5408300000","West Virginia","Randolph County","15625","29","Assigned Polling Place","No","Ballot Marking Devices for all voters","Optical Scan",
"5408500000","West Virginia","Ritchie County","5264","9","Assigned Polling Place","No","Ballot Marking Devices for all voters","Optical Scan",
"5408700000","West Virginia","Roane County","7680","18","Assigned Polling Place","No","DREs with VVPAT for all voters","DRE",
"5408900000","West Virginia","Summers County","7417","14","Assigned Polling Place","No","Ballot Marking Devices for all voters","Optical Scan",
"5409100000","West Virginia","Taylor County","9242","17","Assigned Polling Place","No","Ballot Marking Devices for all voters","Optical Scan",
"5409300000","West Virginia","Tucker County","4828","11","Assigned Polling Place","No","Hand marked paper ballots and BMDs","Optical Scan",
"5409500000","West Virginia","Tyler County","5285","12","Assigned Polling Place","No","Ballot Marking Devices for all voters","Optical Scan",
"5409700000","West Virginia","Upshur County","12702","20","Assigned Polling Place","No","Ballot Marking Devices for all voters","Optical Scan",
"5409900000","West Virginia","Wayne County","24067","38","Assigned Polling Place","No","Ballot Marking Devices for all voters","Optical Scan",
"5410100000","West Virginia","Webster County","4859","12","Assigned Polling Place","No","Hand marked paper ballots and DREs with VVPAT","Optical Scan and DRE",
"5410300000","West Virginia","Wetzel County","9482","21","Assigned Polling Place","No","Ballot Marking Devices for all voters","Optical Scan",
"5410500000","West Virginia","Wirt County","3515","10","Assigned Polling Place","No","Ballot Marking Devices for all voters","BMD/Tabulator",
"5410700000","West Virginia","Wood County","49504","70","Assigned Polling Place","No","Ballot Marking Devices for all voters","Optical Scan",
"5410900000","West Virginia","Wyoming County","11620","26","Assigned Polling Place","No","DREs with VVPAT for all voters","DRE",
"5500100275","Wisconsin","City of Adams (Adams County)","954","1","Assigned Polling Place","No","Hand marked paper ballots and BMDs","Hand Count and Optical Scan",
"5500100300","Wisconsin","Town of Adams (Adams County)","849","1","Assigned Polling Place","No","Hand marked paper ballots and BMDs","Hand Count and Optical Scan",
"5500107300","Wisconsin","Town of Big Flats (Adams County)","653","1","Assigned Polling Place","No","Hand marked paper ballots and BMDs","Hand Count and Optical Scan",
"5500116075","Wisconsin","Town of Colburn (Adams County)","174","1","Assigned Polling Place","No","Hand marked paper ballots and BMDs","Hand Count and Optical Scan",
"5500119575","Wisconsin","Town of Dell Prairie (Adams County)","1114","1","Assigned Polling Place","No","Hand marked paper ballots and BMDs","Hand Count and Optical Scan",
"5500122000","Wisconsin","Town of Easton (Adams County)","662","1","Assigned Polling Place","No","Hand marked paper ballots and BMDs","Hand Count and Optical Scan",
"5500127950","Wisconsin","Village of Friendship (Adams County)","351","1","Assigned Polling Place","No","Hand marked paper ballots and BMDs","Hand Count and Optical Scan",
"5500137625","Wisconsin","Town of Jackson (Adams County)","781","1","Assigned Polling Place","No","Hand marked paper ballots and BMDs","Hand Count and Optical Scan",
"5500143425","Wisconsin","Town of Leola (Adams County)","199","1","Assigned Polling Place","No","Hand marked paper ballots and BMDs","Hand Count and Optical Scan",
"5500144250","Wisconsin","Town of Lincoln (Adams County)","233","1","Assigned Polling Place","No","Hand marked paper ballots and BMDs","Hand Count and Optical Scan",
"5500153725","Wisconsin","Town of Monroe (Adams County)","318","1","Assigned Polling Place","No","Hand marked paper ballots and BMDs","Hand Count and Optical Scan",
"5500156525","Wisconsin","Town of New Chester (Adams County)","579","1","Assigned Polling Place","No","Hand marked paper ballots and BMDs","Hand Count and Optical Scan",
"5500156750","Wisconsin","Town of New Haven (Adams County)","438","1","Assigned Polling Place","No","Hand marked paper ballots and BMDs","Hand Count and Optical Scan",
"5500165450","Wisconsin","Town of Preston (Adams County)","838","1","Assigned Polling Place","No","Hand marked paper ballots and BMDs","Hand Count and Optical Scan",
"5500165825","Wisconsin","Town of Quincy (Adams County)","861","1","Assigned Polling Place","No","Hand marked paper ballots and BMDs","Hand Count and Optical Scan",
"5500167425","Wisconsin","Town of Richfield (Adams County)","119","1","Assigned Polling Place","No","Hand marked paper ballots and BMDs","Hand Count and Optical Scan",
"5500169275","Wisconsin","Town of Rome (Adams County)","2531","1","Assigned Polling Place","No","Hand marked paper ballots and BMDs","Hand Count and Optical Scan",
"5500176350","Wisconsin","Town of Springville (Adams County)","834","1","Assigned Polling Place","No","Hand marked paper ballots and BMDs","Hand Count and Optical Scan",
"5500177800","Wisconsin","Town of Strongs Prairie (Adams County)","814","1","Assigned Polling Place","No","Hand marked paper ballots and BMDs","Hand Count and Optical Scan",
"5500300550","Wisconsin","Town of Agenda (Ashland County)","279","1","Assigned Polling Place","No","Hand marked paper ballots and BMDs","Hand Count and Optical Scan",
"5500303225","Wisconsin","City of Ashland (Ashland County)","5018","3","Assigned Polling Place","No","Hand marked paper ballots and BMDs","Hand Count and Optical Scan",
"5500303250","Wisconsin","Town of Ashland (Ashland County)","366","1","Assigned Polling Place","No","Hand marked paper ballots and BMDs","Hand Count and Optical Scan",
"5500311525","Wisconsin","Village of Butternut (Ashland County)","204","1","Assigned Polling Place","No","Hand marked paper ballots and BMDs","Hand Count and Optical Scan",
"5500314550","Wisconsin","Town of Chippewa (Ashland County)","247","1","Assigned Polling Place","No","Hand marked paper ballots and BMDs","Hand Count and Optical Scan",
"5500329250","Wisconsin","Town of Gingles (Ashland County)","554","1","Assigned Polling Place","No","Hand marked paper ballots and BMDs","Hand Count and Optical Scan",
"5500329875","Wisconsin","Town of Gordon (Ashland County)","206","1","Assigned Polling Place","No","Hand marked paper ballots and BMDs","Hand Count and Optical Scan",
"5500337775","Wisconsin","Town of Jacobs (Ashland County)","412","1","Assigned Polling Place","No","Hand marked paper ballots and BMDs","Hand Count and Optical Scan",
"5500342562","Wisconsin","Town of La Pointe (Ashland County)","342","1","Assigned Polling Place","No","Hand marked paper ballots and BMDs","Hand Count and Optical Scan",
"5500349200","Wisconsin","Town of Marengo (Ashland County)","257","1","Assigned Polling Place","No","Hand marked paper ballots and BMDs","Hand Count and Optical Scan",
"5500350700","Wisconsin","City of Mellen (Ashland County)","395","1","Assigned Polling Place","No","Hand marked paper ballots and BMDs","Hand Count and Optical Scan",
"5500354400","Wisconsin","Town of Morse (Ashland County)","366","1","Assigned Polling Place","No","Hand marked paper ballots and BMDs","Hand Count and Optical Scan",
"5500361600","Wisconsin","Town of Peeksville (Ashland County)","114","1","Assigned Polling Place","No","Hand marked paper ballots and BMDs","Hand Count and Optical Scan",
"5500371350","Wisconsin","Town of Sanborn (Ashland County)","644","1","Assigned Polling Place","No","Hand marked paper ballots and BMDs","Hand Count and Optical Scan",
"5500372825","Wisconsin","Town of Shanagolden (Ashland County)","99","1","Assigned Polling Place","No","Hand marked paper ballots and BMDs","Hand Count and Optical Scan",
"5500386850","Wisconsin","Town of White River (Ashland County)","627","1","Assigned Polling Place","No","Hand marked paper ballots and BMDs","Hand Count and Optical Scan",
"5500501325","Wisconsin","Village of Almena (Barron County)","377","1","Assigned Polling Place","No","Hand marked paper ballots and BMDs","Optical Scan",
"5500501350","Wisconsin","Town of Almena (Barron County)","604","1","Assigned Polling Place","No","Hand marked paper ballots and BMDs","Optical Scan",
"5500502775","Wisconsin","Town of Arland (Barron County)","396","1","Assigned Polling Place","No","Hand marked paper ballots and BMDs","Optical Scan",
"5500504875","Wisconsin","City of Barron (Barron County)","1808","1","Assigned Polling Place","No","Hand marked paper ballots and BMDs","Optical Scan",
"5500504900","Wisconsin","Town of Barron (Barron County)","455","1","Assigned Polling Place","No","Hand marked paper ballots and BMDs","Optical Scan",
"5500505650","Wisconsin","Town of Bear Lake (Barron County)","483","1","Assigned Polling Place","No","Hand marked paper ballots and BMDs","Optical Scan",
"5500512250","Wisconsin","Village of Cameron (Barron County)","1038","1","Assigned Polling Place","No","Hand marked paper ballots and BMDs","Optical Scan",
"5500513500","Wisconsin","Town of Cedar Lake (Barron County)","884","1","Assigned Polling Place","No","Hand marked paper ballots and BMDs","Optical Scan",
"5500514325","Wisconsin","City of Chetek (Barron County)","1286","1","Assigned Polling Place","No","Hand marked paper ballots and BMDs","Optical Scan",
"5500514350","Wisconsin","Town of Chetek (Barron County)","1298","1","Assigned Polling Place","No","Hand marked paper ballots and BMDs","Optical Scan",
"5500515600","Wisconsin","Town of Clinton (Barron County)","447","1","Assigned Polling Place","No","Hand marked paper ballots and BMDs","Optical Scan",
"5500517875","Wisconsin","Town of Crystal Lake (Barron County)","508","1","Assigned Polling Place","No","Hand marked paper ballots and BMDs","Optical Scan",
"5500518025","Wisconsin","City of Cumberland (Barron County)","1351","1","Assigned Polling Place","No","Hand marked paper ballots and BMDs","Optical Scan",
"5500518050","Wisconsin","Town of Cumberland (Barron County)","565","1","Assigned Polling Place","No","Hand marked paper ballots and BMDs","Optical Scan",
"5500518575","Wisconsin","Village of Dallas (Barron County)","209","1","Assigned Polling Place","No","Hand marked paper ballots and BMDs","Optical Scan",
"5500518600","Wisconsin","Town of Dallas (Barron County)","334","1","Assigned Polling Place","No","Hand marked paper ballots and BMDs","Optical Scan",
"5500520650","Wisconsin","Town of Dovre (Barron County)","496","1","Assigned Polling Place","No","Hand marked paper ballots and BMDs","Optical Scan",
"5500520750","Wisconsin","Town of Doyle (Barron County)","342","1","Assigned Polling Place","No","Hand marked paper ballots and BMDs","Optical Scan",
"5500533225","Wisconsin","Village of Haugen (Barron County)","172","1","Assigned Polling Place","No","Hand marked paper ballots and BMDs","Optical Scan",
"5500541600","Wisconsin","Town of Lakeland (Barron County)","690","1","Assigned Polling Place","No","Hand marked paper ballots and BMDs","Optical Scan",
"5500548825","Wisconsin","Town of Maple Grove (Barron County)","528","1","Assigned Polling Place","No","Hand marked paper ballots and BMDs","Optical Scan",
"5500548950","Wisconsin","Town of Maple Plain (Barron County)","601","1","Assigned Polling Place","No","Hand marked paper ballots and BMDs","Optical Scan",
"5500558950","Wisconsin","Town of Oak Grove (Barron County)","587","1","Assigned Polling Place","No","Hand marked paper ballots and BMDs","Optical Scan",
"5500565150","Wisconsin","Village of Prairie Farm (Barron County)","249","1","Assigned Polling Place","No","Hand marked paper ballots and BMDs","Optical Scan",
"5500565175","Wisconsin","Town of Prairie Farm (Barron County)","357","1","Assigned Polling Place","No","Hand marked paper ballots and BMDs","Optical Scan",
"5500565200","Wisconsin","Town of Prairie Lake (Barron County)","1083","1","Assigned Polling Place","No","Hand marked paper ballots and BMDs","Optical Scan",
"5500567350","Wisconsin","City of Rice Lake (Barron County)","4993","1","Assigned Polling Place","No","Hand marked paper ballots and BMDs","Optical Scan",
"5500567375","Wisconsin","Town of Rice Lake (Barron County)","1845","1","Assigned Polling Place","No","Hand marked paper ballots and BMDs","Optical Scan",
"5500574125","Wisconsin","Town of Sioux Creek (Barron County)","421","1","Assigned Polling Place","No","Hand marked paper ballots and BMDs","Optical Scan",
"5500576550","Wisconsin","Town of Stanfold (Barron County)","428","1","Assigned Polling Place","No","Hand marked paper ballots and BMDs","Optical Scan",
"5500576600","Wisconsin","Town of Stanley (Barron County)","1633","1","Assigned Polling Place","No","Hand marked paper ballots and BMDs","Optical Scan",
"5500578450","Wisconsin","Town of Sumner (Barron County)","494","1","Assigned Polling Place","No","Hand marked paper ballots and BMDs","Optical Scan",
"5500581075","Wisconsin","Village of Turtle Lake (Barron County)","556","2","Assigned Polling Place","No","Hand marked paper ballots and BMDs","Optical Scan",
"5500581100","Wisconsin","Town of Turtle Lake (Barron County)","406","1","Assigned Polling Place","No","Hand marked paper ballots and BMDs","Optical Scan",
"5500582375","Wisconsin","Town of Vance Creek (Barron County)","437","1","Assigned Polling Place","No","Hand marked paper ballots and BMDs","Optical Scan",
"5500704725","Wisconsin","Town of Barksdale (Bayfield County)","576","1","Assigned Polling Place","No","Hand marked paper ballots and BMDs","Hand Count and Optical Scan",
"5500704750","Wisconsin","Town of Barnes (Bayfield County)","769","1","Assigned Polling Place","No","Hand marked paper ballots and BMDs","Hand Count and Optical Scan",
"5500705350","Wisconsin","City of Bayfield (Bayfield County)","428","1","Assigned Polling Place","No","Hand marked paper ballots and BMDs","Hand Count and Optical Scan",
"5500705375","Wisconsin","Town of Bayfield (Bayfield County)","647","1","Assigned Polling Place","No","Hand marked paper ballots and BMDs","Hand Count and Optical Scan",
"5500705475","Wisconsin","Town of Bayview (Bayfield County)","405","1","Assigned Polling Place","No","Hand marked paper ballots and BMDs","Hand Count and Optical Scan",
"5500706200","Wisconsin","Town of Bell (Bayfield County)","306","1","Assigned Polling Place","No","Hand marked paper ballots and BMDs","Hand Count and Optical Scan",
"5500711675","Wisconsin","Town of Cable (Bayfield County)","723","1","Assigned Polling Place","No","Hand marked paper ballots and BMDs","Hand Count and Optical Scan",
"5500715750","Wisconsin","Town of Clover (Bayfield County)","223","1","Assigned Polling Place","No","Hand marked paper ballots and BMDs","Hand Count and Optical Scan",
"5500719662","Wisconsin","Town of Delta (Bayfield County)","289","1","Assigned Polling Place","No","Hand marked paper ballots and BMDs","Hand Count and Optical Scan",
"5500720887","Wisconsin","Town of Drummond (Bayfield County)","424","1","Assigned Polling Place","No","Hand marked paper ballots and BMDs","Hand Count and Optical Scan",
"5500722925","Wisconsin","Town of Eileen (Bayfield County)","512","1","Assigned Polling Place","No","Hand marked paper ballots and BMDs","Hand Count and Optical Scan",
"5500730175","Wisconsin","Town of Grand View (Bayfield County)","403","1","Assigned Polling Place","No","Hand marked paper ballots and BMDs","Hand Count and Optical Scan",
"5500736300","Wisconsin","Town of Hughes (Bayfield County)","371","1","Assigned Polling Place","No","Hand marked paper ballots and BMDs","Hand Count and Optical Scan",
"5500737200","Wisconsin","Town of Iron River (Bayfield County)","933","1","Assigned Polling Place","No","Hand marked paper ballots and BMDs","Hand Count and Optical Scan",
"5500739025","Wisconsin","Town of Kelly (Bayfield County)","288","1","Assigned Polling Place","No","Hand marked paper ballots and BMDs","Hand Count and Optical Scan",
"5500739425","Wisconsin","Town of Keystone (Bayfield County)","257","1","Assigned Polling Place","No","Hand marked paper ballots and BMDs","Hand Count and Optical Scan",
"5500744275","Wisconsin","Town of Lincoln (Bayfield County)","217","1","Assigned Polling Place","No","Hand marked paper ballots and BMDs","Hand Count and Optical Scan",
"5500749900","Wisconsin","Village of Mason (Bayfield County)","57","1","Assigned Polling Place","No","Hand marked paper ballots and BMDs","Hand Count and Optical Scan",
"5500749925","Wisconsin","Town of Mason (Bayfield County)","201","1","Assigned Polling Place","No","Hand marked paper ballots and BMDs","Hand Count and Optical Scan",
"5500755375","Wisconsin","Town of Namakagon (Bayfield County)","316","1","Assigned Polling Place","No","Hand marked paper ballots and BMDs","Hand Count and Optical Scan",
"5500760275","Wisconsin","Town of Orienta (Bayfield County)","112","1","Assigned Polling Place","No","Hand marked paper ballots and BMDs","Hand Count and Optical Scan",
"5500760775","Wisconsin","Town of Oulu (Bayfield County)","427","1","Assigned Polling Place","No","Hand marked paper ballots and BMDs","Hand Count and Optical Scan",
"5500762700","Wisconsin","Town of Pilsen (Bayfield County)","171","1","Assigned Polling Place","No","Hand marked paper ballots and BMDs","Hand Count and Optical Scan",
"5500764512","Wisconsin","Town of Port Wing (Bayfield County)","312","1","Assigned Polling Place","No","Hand marked paper ballots and BMDs","Hand Count and Optical Scan",
"5500770300","Wisconsin","Town of Russell (Bayfield County)","848","1","Assigned Polling Place","No","Hand marked paper ballots and BMDs","Hand Count and Optical Scan",
"5500780750","Wisconsin","Town of Tripp (Bayfield County)","167","1","Assigned Polling Place","No","Hand marked paper ballots and BMDs","Hand Count and Optical Scan",
"5500783525","Wisconsin","City of Washburn (Bayfield County)","1427","1","Assigned Polling Place","No","Hand marked paper ballots and BMDs","Hand Count and Optical Scan",
"5500783550","Wisconsin","Town of Washburn (Bayfield County)","441","1","Assigned Polling Place","No","Hand marked paper ballots and BMDs","Hand Count and Optical Scan",
"5500901150","Wisconsin","Village of Allouez (Brown County)","8755","4","Assigned Polling Place","No","Hand marked paper ballots and BMDs","Optical Scan",
"5500903425","Wisconsin","Village of Ashwaubenon (Brown County)","10841","7","Assigned Polling Place","No","Hand marked paper ballots and BMDs","Optical Scan",
"5500906350","Wisconsin","Village of Bellevue (Brown County)","9730","2","Assigned Polling Place","No","Hand marked paper ballots and BMDs","Optical Scan",
"5500919775","Wisconsin","City of De Pere (Brown County)","16031","4","Assigned Polling Place","No","Hand marked paper ballots and BMDs","Optical Scan",
"5500919700","Wisconsin","Village of Denmark (Brown County)","1400","1","Assigned Polling Place","No","Hand marked paper ballots and BMDs","Optical Scan",
"5500922225","Wisconsin","Town of Eaton (Brown County)","1169","1","Assigned Polling Place","No","Hand marked paper ballots and BMDs","Optical Scan",
"5500929550","Wisconsin","Town of Glenmore (Brown County)","736","1","Assigned Polling Place","No","Hand marked paper ballots and BMDs","Optical Scan",
"5500931000","Wisconsin","City of Green Bay (Brown County)","52742","59","Assigned Polling Place","No","Hand marked paper ballots and BMDs","Optical Scan",
"5500931025","Wisconsin","Town of Green Bay (Brown County)","1547","1","Assigned Polling Place","No","Hand marked paper ballots and BMDs","Optical Scan",
"5500935150","Wisconsin","Village of Hobart (Brown County)","6677","2","Assigned Polling Place","No","Hand marked paper ballots and BMDs","Optical Scan",
"5500935325","Wisconsin","Town of Holland (Brown County)","1093","1","Assigned Polling Place","No","Hand marked paper ballots and BMDs","Optical Scan",
"5500935950","Wisconsin","Village of Howard (Brown County)","13232","7","Assigned Polling Place","No","Hand marked paper ballots and BMDs","Optical Scan",
"5500936425","Wisconsin","Town of Humboldt (Brown County)","909","1","Assigned Polling Place","No","Hand marked paper ballots and BMDs","Optical Scan",
"5500942900","Wisconsin","Town of Lawrence (Brown County)","4604","1","Assigned Polling Place","No","Hand marked paper ballots and BMDs","Optical Scan",
"5500943090","Wisconsin","Town of Ledgeview (Brown County)","6083","1","Assigned Polling Place","No","Hand marked paper ballots and BMDs","Optical Scan",
"5500954300","Wisconsin","Town of Morrison (Brown County)","1052","1","Assigned Polling Place","No","Hand marked paper ballots and BMDs","Optical Scan",
"5500956575","Wisconsin","Town of New Denmark (Brown County)","1102","1","Assigned Polling Place","No","Hand marked paper ballots and BMDs","Optical Scan",
"5500963075","Wisconsin","Town of Pittsfield (Brown County)","2019","1","Assigned Polling Place","No","Hand marked paper ballots and BMDs","Optical Scan",
"5500965675","Wisconsin","Village of Pulaski (Brown County)","2299","3","Assigned Polling Place","No","Hand marked paper ballots and BMDs","Optical Scan",
"5500968875","Wisconsin","Town of Rockland (Brown County)","1304","1","Assigned Polling Place","No","Hand marked paper ballots and BMDs","Optical Scan",
"5500972200","Wisconsin","Town of Scott (Brown County)","2703","1","Assigned Polling Place","No","Hand marked paper ballots and BMDs","Optical Scan",
"5500977975","Wisconsin","Village of Suamico (Brown County)","9093","3","Assigned Polling Place","No","Hand marked paper ballots and BMDs","Optical Scan",
"5500989150","Wisconsin","Village of Wrightstown (Brown County)","2010","2","Assigned Polling Place","No","Hand marked paper ballots and BMDs","Optical Scan",
"5500989175","Wisconsin","Town of Wrightstown (Brown County)","1686","1","Assigned Polling Place","No","Hand marked paper ballots and BMDs","Optical Scan",
"5501101225","Wisconsin","City of Alma (Buffalo County)","520","1","Assigned Polling Place","No","Hand marked paper ballots and BMDs","Hand Count, Optical Scan, and DRE",
"5501101250","Wisconsin","Town of Alma (Buffalo County)","189","1","Assigned Polling Place","No","Hand marked paper ballots and BMDs","Hand Count, Optical Scan, and DRE",
"5501106675","Wisconsin","Town of Belvidere (Buffalo County)","313","1","Assigned Polling Place","No","Hand marked paper ballots and DREs with VVPAT","Hand Count, Optical Scan, and DRE",
"5501111025","Wisconsin","Town of Buffalo (Buffalo County)","543","1","Assigned Polling Place","No","Hand marked paper ballots and BMDs","Hand Count, Optical Scan, and DRE",
"5501111062","Wisconsin","City of Buffalo City (Buffalo County)","698","1","Assigned Polling Place","No","Hand marked paper ballots and BMDs","Hand Count, Optical Scan, and DRE",
"5501112500","Wisconsin","Town of Canton (Buffalo County)","187","1","Assigned Polling Place","No","Hand marked paper ballots and BMDs","Hand Count, Optical Scan, and DRE",
"5501116025","Wisconsin","Village of Cochrane (Buffalo County)","266","1","Assigned Polling Place","No","Hand marked paper ballots and DREs with VVPAT","Hand Count, Optical Scan, and DRE",
"5501117737","Wisconsin","Town of Cross (Buffalo County)","255","1","Assigned Polling Place","No","Hand marked paper ballots and DREs with VVPAT","Hand Count, Optical Scan, and DRE",
"5501120575","Wisconsin","Town of Dover (Buffalo County)","281","1","Assigned Polling Place","No","Hand marked paper ballots and BMDs","Hand Count, Optical Scan, and DRE",
"5501126850","Wisconsin","City of Fountain City (Buffalo County)","500","1","Assigned Polling Place","No","Hand marked paper ballots and BMDs","Hand Count, Optical Scan, and DRE",
"5501129225","Wisconsin","Town of Gilmanton (Buffalo County)","277","1","Assigned Polling Place","No","Hand marked paper ballots and BMDs","Hand Count, Optical Scan, and DRE",
"5501129375","Wisconsin","Town of Glencoe (Buffalo County)","253","1","Assigned Polling Place","No","Hand marked paper ballots and BMDs","Hand Count, Optical Scan, and DRE",
"5501144300","Wisconsin","Town of Lincoln (Buffalo County)","134","1","Assigned Polling Place","No","Hand marked paper ballots and BMDs","Hand Count, Optical Scan, and DRE",
"5501150075","Wisconsin","Town of Maxville (Buffalo County)","221","1","Assigned Polling Place","No","Hand marked paper ballots and BMDs","Hand Count, Optical Scan, and DRE",
"5501152175","Wisconsin","Town of Milton (Buffalo County)","410","1","Assigned Polling Place","No","Hand marked paper ballots and BMDs","Hand Count, Optical Scan, and DRE",
"5501153450","Wisconsin","Town of Modena (Buffalo County)","195","1","Assigned Polling Place","No","Hand marked paper ballots and BMDs","Hand Count, Optical Scan, and DRE",
"5501153600","Wisconsin","City of Mondovi (Buffalo County)","1521","1","Assigned Polling Place","No","Hand marked paper ballots and BMDs","Hand Count, Optical Scan, and DRE",
"5501153625","Wisconsin","Town of Mondovi (Buffalo County)","294","1","Assigned Polling Place","No","Hand marked paper ballots and BMDs","Hand Count, Optical Scan, and DRE",
"5501153850","Wisconsin","Town of Montana (Buffalo County)","172","1","Assigned Polling Place","No","Hand marked paper ballots and DREs with VVPAT","Hand Count, Optical Scan, and DRE",
"5501155450","Wisconsin","Town of Naples (Buffalo County)","466","1","Assigned Polling Place","No","Hand marked paper ballots and BMDs","Hand Count, Optical Scan, and DRE",
"5501155950","Wisconsin","Village of Nelson (Buffalo County)","189","1","Assigned Polling Place","No","Hand marked paper ballots and BMDs","Hand Count, Optical Scan, and DRE",
"5501155975","Wisconsin","Town of Nelson (Buffalo County)","377","1","Assigned Polling Place","No","Hand marked paper ballots and BMDs","Hand Count, Optical Scan, and DRE",
"5501184325","Wisconsin","Town of Waumandee (Buffalo County)","354","1","Assigned Polling Place","No","Hand marked paper ballots and BMDs","Hand Count, Optical Scan, and DRE",
"5501301900","Wisconsin","Town of Anderson (Burnett County)","295","1","Assigned Polling Place","No","Hand marked paper ballots and BMDs","Hand Count, Optical Scan, and DRE",
"5501308025","Wisconsin","Town of Blaine (Burnett County)","172","1","Assigned Polling Place","No","Hand marked paper ballots and BMDs","Hand Count, Optical Scan, and DRE",
"5501318750","Wisconsin","Town of Daniels (Burnett County)","477","1","Assigned Polling Place","No","Hand marked paper ballots and BMDs","Hand Count, Optical Scan, and DRE",
"5501319925","Wisconsin","Town of Dewey (Burnett County)","334","1","Assigned Polling Place","No","Hand marked paper ballots and BMDs","Hand Count, Optical Scan, and DRE",
"5501330450","Wisconsin","Village of Grantsburg (Burnett County)","788","1","Assigned Polling Place","No","Hand marked paper ballots and BMDs","Hand Count, Optical Scan, and DRE",
"5501330475","Wisconsin","Town of Grantsburg (Burnett County)","727","1","Assigned Polling Place","No","Hand marked paper ballots and BMDs","Hand Count, Optical Scan, and DRE",
"5501337650","Wisconsin","Town of Jackson (Burnett County)","783","1","Assigned Polling Place","No","Hand marked paper ballots and BMDs","Hand Count, Optical Scan, and DRE",
"5501340975","Wisconsin","Town of La Follette (Burnett County)","375","1","Assigned Polling Place","No","Hand marked paper ballots and BMDs","Hand Count, Optical Scan, and DRE",
"5501344325","Wisconsin","Town of Lincoln (Burnett County)","225","1","Assigned Polling Place","No","Hand marked paper ballots and BMDs","Hand Count, Optical Scan, and DRE",
"5501350650","Wisconsin","Town of Meenon (Burnett County)","767","1","Assigned Polling Place","No","Hand marked paper ballots and BMDs","Hand Count, Optical Scan, and DRE",
"5501359075","Wisconsin","Town of Oakland (Burnett County)","782","1","Assigned Polling Place","No","Hand marked paper ballots and BMDs","Hand Count, Optical Scan, and DRE",
"5501369325","Wisconsin","Town of Roosevelt (Burnett County)","145","1","Assigned Polling Place","No","Hand marked paper ballots and BMDs","Hand Count, Optical Scan, and DRE",
"5501370225","Wisconsin","Town of Rusk (Burnett County)","290","1","Assigned Polling Place","No","Hand marked paper ballots and BMDs","Hand Count, Optical Scan, and DRE",
"5501371450","Wisconsin","Town of Sand Lake (Burnett County)","363","1","Assigned Polling Place","No","Hand marked paper ballots and BMDs","Hand Count, Optical Scan, and DRE",
"5501372225","Wisconsin","Town of Scott (Burnett County)","515","1","Assigned Polling Place","No","Hand marked paper ballots and BMDs","Hand Count, Optical Scan, and DRE",
"5501374175","Wisconsin","Village of Siren (Burnett County)","462","1","Assigned Polling Place","No","Hand marked paper ballots and BMDs","Hand Count, Optical Scan, and DRE",
"5501374200","Wisconsin","Town of Siren (Burnett County)","675","1","Assigned Polling Place","No","Hand marked paper ballots and BMDs","Hand Count, Optical Scan, and DRE",
"5501378775","Wisconsin","Town of Swiss (Burnett County)","549","1","Assigned Polling Place","No","Hand marked paper ballots and BMDs","Hand Count, Optical Scan, and DRE",
"5501380375","Wisconsin","Town of Trade Lake (Burnett County)","671","1","Assigned Polling Place","No","Hand marked paper ballots and BMDs","Hand Count, Optical Scan, and DRE",
"5501381500","Wisconsin","Town of Union (Burnett County)","299","1","Assigned Polling Place","No","Hand marked paper ballots and BMDs","Hand Count, Optical Scan, and DRE",
"5501384975","Wisconsin","Town of Webb Lake (Burnett County)","379","1","Assigned Polling Place","No","Hand marked paper ballots and BMDs","Hand Count, Optical Scan, and DRE",
"5501385025","Wisconsin","Village of Webster (Burnett County)","359","1","Assigned Polling Place","No","Hand marked paper ballots and BMDs","Hand Count, Optical Scan, and DRE",
"5501385850","Wisconsin","Town of West Marshland (Burnett County)","253","1","Assigned Polling Place","No","Hand marked paper ballots and DREs with VVPAT","Hand Count, Optical Scan, and DRE",
"5501388900","Wisconsin","Town of Wood River (Burnett County)","653","1","Assigned Polling Place","No","Hand marked paper ballots and BMDs","Hand Count, Optical Scan, and DRE",
"5501509725","Wisconsin","City of Brillion (Calumet County)","1831","1","Assigned Polling Place","No","Hand marked paper ballots and BMDs","Optical Scan",
"5501509750","Wisconsin","Town of Brillion (Calumet County)","1050","1","Assigned Polling Place","No","Hand marked paper ballots and BMDs","Optical Scan",
"5501510350","Wisconsin","Town of Brothertown (Calumet County)","946","1","Assigned Polling Place","No","Hand marked paper ballots and BMDs","Optical Scan",
"5501514000","Wisconsin","Town of Charlestown (Calumet County)","528","1","Assigned Polling Place","No","Hand marked paper ballots and BMDs","Optical Scan",
"5501514475","Wisconsin","City of Chilton (Calumet County)","2214","1","Assigned Polling Place","No","Hand marked paper ballots and BMDs","Optical Scan",
"5501514500","Wisconsin","Town of Chilton (Calumet County)","779","1","Assigned Polling Place","No","Hand marked paper ballots and BMDs","Optical Scan",
"5501532790","Wisconsin","Village of Harrison (Calumet County)","8527","2","Assigned Polling Place","No","Hand marked paper ballots and BMDs","Optical Scan",
"5501534575","Wisconsin","Village of Hilbert (Calumet County)","675","1","Assigned Polling Place","No","Hand marked paper ballots and BMDs","Optical Scan",
"5501556800","Wisconsin","City of New Holstein (Calumet County)","1938","1","Assigned Polling Place","No","Hand marked paper ballots and BMDs","Optical Scan",
"5501556825","Wisconsin","Town of New Holstein (Calumet County)","956","1","Assigned Polling Place","No","Hand marked paper ballots and BMDs","Optical Scan",
"5501564675","Wisconsin","Village of Potter (Calumet County)","173","1","Assigned Polling Place","No","Hand marked paper ballots and BMDs","Optical Scan",
"5501566275","Wisconsin","Town of Rantoul (Calumet County)","517","1","Assigned Polling Place","No","Hand marked paper ballots and BMDs","Optical Scan",
"5501573525","Wisconsin","Village of Sherwood (Calumet County)","2433","1","Assigned Polling Place","No","Hand marked paper ballots and BMDs","Optical Scan",
"5501577400","Wisconsin","Village of Stockbridge (Calumet County)","499","1","Assigned Polling Place","No","Hand marked paper ballots and BMDs","Optical Scan",
"5501577425","Wisconsin","Town of Stockbridge (Calumet County)","1100","1","Assigned Polling Place","No","Hand marked paper ballots and BMDs","Optical Scan",
"5501589000","Wisconsin","Town of Woodville (Calumet County)","600","1","Assigned Polling Place","No","Hand marked paper ballots and BMDs","Optical Scan",
"5501702175","Wisconsin","Town of Anson (Chippewa County)","1708","1","Assigned Polling Place","No","Hand marked paper ballots and BMDs","Optical Scan",
"5501703075","Wisconsin","Town of Arthur (Chippewa County)","454","1","Assigned Polling Place","No","Hand marked paper ballots and BMDs","Optical Scan",
"5501703725","Wisconsin","Town of Auburn (Chippewa County)","471","1","Assigned Polling Place","No","Hand marked paper ballots and BMDs","Optical Scan",
"5501707525","Wisconsin","Town of Birch Creek (Chippewa County)","399","1","Assigned Polling Place","No","Hand marked paper ballots and BMDs","Optical Scan",
"5501708225","Wisconsin","City of Bloomer (Chippewa County)","2216","1","Assigned Polling Place","No","Hand marked paper ballots and BMDs","Optical Scan",
"5501708250","Wisconsin","Town of Bloomer (Chippewa County)","665","1","Assigned Polling Place","No","Hand marked paper ballots and BMDs","Optical Scan",
"5501709075","Wisconsin","Village of Boyd (Chippewa County)","309","1","Assigned Polling Place","No","Hand marked paper ballots and BMDs","Optical Scan",
"5501711750","Wisconsin","Village of Cadott (Chippewa County)","803","1","Assigned Polling Place","No","Hand marked paper ballots and BMDs","Optical Scan",
"5501714575","Wisconsin","City of Chippewa Falls (Chippewa County)","7801","9","Assigned Polling Place","No","Hand marked paper ballots and BMDs","Optical Scan",
"5501715350","Wisconsin","Town of Cleveland (Chippewa County)","588","1","Assigned Polling Place","No","Hand marked paper ballots and BMDs","Optical Scan",
"5501716125","Wisconsin","Town of Colburn (Chippewa County)","517","1","Assigned Polling Place","No","Hand marked paper ballots and BMDs","Optical Scan",
"5501716800","Wisconsin","Town of Cooks Valley (Chippewa County)","484","1","Assigned Polling Place","No","Hand marked paper ballots and BMDs","Optical Scan",
"5501717100","Wisconsin","City of Cornell (Chippewa County)","825","1","Assigned Polling Place","No","Hand marked paper ballots and BMDs","Optical Scan",
"5501719625","Wisconsin","Town of Delmar (Chippewa County)","554","1","Assigned Polling Place","No","Hand marked paper ballots and BMDs","Optical Scan",
"5501721600","Wisconsin","Town of Eagle Point (Chippewa County)","2300","2","Assigned Polling Place","No","Hand marked paper ballots and BMDs","Optical Scan",
"5501722750","Wisconsin","Town of Edson (Chippewa County)","563","1","Assigned Polling Place","No","Hand marked paper ballots and BMDs","Optical Scan",
"5501724375","Wisconsin","Town of Estella (Chippewa County)","290","1","Assigned Polling Place","No","Hand marked paper ballots and BMDs","Optical Scan",
"5501729700","Wisconsin","Town of Goetz (Chippewa County)","500","1","Assigned Polling Place","No","Hand marked paper ballots and BMDs","Optical Scan",
"5501732125","Wisconsin","Town of Hallie (Chippewa County)","122","1","Assigned Polling Place","No","Hand marked paper ballots and BMDs","Optical Scan",
"5501736000","Wisconsin","Town of Howard (Chippewa County)","531","1","Assigned Polling Place","No","Hand marked paper ballots and BMDs","Optical Scan",
"5501740900","Wisconsin","Town of Lafayette (Chippewa County)","4573","1","Assigned Polling Place","No","Hand marked paper ballots and BMDs","Optical Scan",
"5501741525","Wisconsin","Village of Lake Hallie (Chippewa County)","4432","2","Assigned Polling Place","No","Hand marked paper ballots and BMDs","Optical Scan",
"5501741550","Wisconsin","Town of Lake Holcombe (Chippewa County)","716","1","Assigned Polling Place","No","Hand marked paper ballots and BMDs","Optical Scan",
"5501756350","Wisconsin","Village of New Auburn (Chippewa County)","318","2","Assigned Polling Place","No","Hand marked paper ballots and BMDs","Optical Scan",
"5501769975","Wisconsin","Town of Ruby (Chippewa County)","277","1","Assigned Polling Place","No","Hand marked paper ballots and BMDs","Optical Scan",
"5501771275","Wisconsin","Town of Sampson (Chippewa County)","673","1","Assigned Polling Place","No","Hand marked paper ballots and BMDs","Optical Scan",
"5501773875","Wisconsin","Town of Sigel (Chippewa County)","696","1","Assigned Polling Place","No","Hand marked paper ballots and BMDs","Optical Scan",
"5501776625","Wisconsin","City of Stanley (Chippewa County)","1184","3","Assigned Polling Place","No","Hand marked paper ballots and BMDs","Optical Scan",
"5501779875","Wisconsin","Town of Tilden (Chippewa County)","1088","2","Assigned Polling Place","No","Hand marked paper ballots and BMDs","Optical Scan",
"5501786537","Wisconsin","Town of Wheaton (Chippewa County)","1905","1","Assigned Polling Place","No","Hand marked paper ballots and BMDs","Optical Scan",
"5501788875","Wisconsin","Town of Woodmohr (Chippewa County)","669","1","Assigned Polling Place","No","Hand marked paper ballots and BMDs","Optical Scan",
"5501900100","Wisconsin","City of Abbotsford (Clark County)","804","2","Assigned Polling Place","No","Hand marked paper ballots and BMDs","Optical Scan",
"5501905750","Wisconsin","Town of Beaver (Clark County)","314","1","Assigned Polling Place","No","Hand marked paper ballots and BMDs","Optical Scan",
"5501911425","Wisconsin","Town of Butler (Clark County)","73","1","Assigned Polling Place","No","Hand marked paper ballots and BMDs","Optical Scan",
"5501916150","Wisconsin","City of Colby (Clark County)","910","2","Assigned Polling Place","No","Hand marked paper ballots and BMDs","Optical Scan",
"5501916175","Wisconsin","Town of Colby (Clark County)","314","1","Assigned Polling Place","No","Hand marked paper ballots and BMDs","Optical Scan",
"5501918125","Wisconsin","Village of Curtiss (Clark County)","63","1","Assigned Polling Place","No","Hand marked paper ballots and BMDs","Optical Scan",
"5501920025","Wisconsin","Town of Dewhurst (Clark County)","250","1","Assigned Polling Place","No","Hand marked paper ballots and BMDs","Optical Scan",
"5501920450","Wisconsin","Village of Dorchester (Clark County)","352","2","Assigned Polling Place","No","Hand marked paper ballots and BMDs","Optical Scan",
"5501922250","Wisconsin","Town of Eaton (Clark County)","309","1","Assigned Polling Place","No","Hand marked paper ballots and BMDs","Optical Scan",
"5501926775","Wisconsin","Town of Foster (Clark County)","91","1","Assigned Polling Place","No","Hand marked paper ballots and BMDs","Optical Scan",
"5501927775","Wisconsin","Town of Fremont (Clark County)","600","1","Assigned Polling Place","No","Hand marked paper ballots and BMDs","Optical Scan",
"5501930275","Wisconsin","Town of Grant (Clark County)","479","1","Assigned Polling Place","No","Hand marked paper ballots and BMDs","Optical Scan",
"5501930425","Wisconsin","Village of Granton (Clark County)","204","1","Assigned Polling Place","No","Hand marked paper ballots and BMDs","Optical Scan",
"5501931275","Wisconsin","Town of Green Grove (Clark County)","260","1","Assigned Polling Place","No","Hand marked paper ballots and BMDs","Optical Scan",
"5501931575","Wisconsin","City of Greenwood (Clark County)","616","1","Assigned Polling Place","No","Hand marked paper ballots and BMDs","Optical Scan",
"5501933900","Wisconsin","Town of Hendren (Clark County)","263","1","Assigned Polling Place","No","Hand marked paper ballots and BMDs","Optical Scan",
"5501934200","Wisconsin","Town of Hewett (Clark County)","227","1","Assigned Polling Place","No","Hand marked paper ballots and BMDs","Optical Scan",
"5501935050","Wisconsin","Town of Hixon (Clark County)","268","1","Assigned Polling Place","No","Hand marked paper ballots and BMDs","Optical Scan",
"5501935125","Wisconsin","Town of Hoard (Clark County)","344","1","Assigned Polling Place","No","Hand marked paper ballots and BMDs","Optical Scan",
"5501943700","Wisconsin","Town of Levis (Clark County)","328","1","Assigned Polling Place","No","Hand marked paper ballots and BMDs","Optical Scan",
"5501945700","Wisconsin","Town of Longwood (Clark County)","274","1","Assigned Polling Place","No","Hand marked paper ballots and BMDs","Optical Scan",
"5501946075","Wisconsin","City of Loyal (Clark County)","699","1","Assigned Polling Place","No","Hand marked paper ballots and BMDs","Optical Scan",
"5501946100","Wisconsin","Town of Loyal (Clark County)","300","1","Assigned Polling Place","No","Hand marked paper ballots and BMDs","Optical Scan",
"5501946625","Wisconsin","Town of Lynn (Clark County)","322","1","Assigned Polling Place","No","Hand marked paper ballots and BMDs","Optical Scan",
"5501950175","Wisconsin","Town of Mayville (Clark County)","410","1","Assigned Polling Place","No","Hand marked paper ballots and BMDs","Optical Scan",
"5501950275","Wisconsin","Town of Mead (Clark County)","176","1","Assigned Polling Place","No","Hand marked paper ballots and BMDs","Optical Scan",
"5501951125","Wisconsin","Town of Mentor (Clark County)","313","1","Assigned Polling Place","No","Hand marked paper ballots and BMDs","Optical Scan",
"5501955800","Wisconsin","City of Neillsville (Clark County)","1264","5","Assigned Polling Place","No","Hand marked paper ballots and BMDs","Optical Scan",
"5501960825","Wisconsin","City of Owen (Clark County)","528","1","Assigned Polling Place","No","Hand marked paper ballots and BMDs","Optical Scan",
"5501963000","Wisconsin","Town of Pine Valley (Clark County)","765","1","Assigned Polling Place","No","Hand marked paper ballots and BMDs","Optical Scan",
"5501967025","Wisconsin","Town of Reseburg (Clark County)","222","1","Assigned Polling Place","No","Hand marked paper ballots and BMDs","Optical Scan",
"5501972450","Wisconsin","Town of Seif (Clark County)","140","1","Assigned Polling Place","No","Hand marked paper ballots and BMDs","Optical Scan",
"5501973350","Wisconsin","Town of Sherman (Clark County)","391","1","Assigned Polling Place","No","Hand marked paper ballots and BMDs","Optical Scan",
"5501973550","Wisconsin","Town of Sherwood (Clark County)","171","1","Assigned Polling Place","No","Hand marked paper ballots and BMDs","Optical Scan",
"5501979625","Wisconsin","City of Thorp (Clark County)","921","1","Assigned Polling Place","No","Hand marked paper ballots and BMDs","Optical Scan",
"5501979650","Wisconsin","Town of Thorp (Clark County)","377","1","Assigned Polling Place","No","Hand marked paper ballots and BMDs","Optical Scan",
"5501981825","Wisconsin","Town of Unity (Clark County)","375","1","Assigned Polling Place","No","Hand marked paper ballots and BMDs","Optical Scan",
"5501983350","Wisconsin","Town of Warner (Clark County)","283","1","Assigned Polling Place","No","Hand marked paper ballots and BMDs","Optical Scan",
"5501983575","Wisconsin","Town of Washburn (Clark County)","187","1","Assigned Polling Place","No","Hand marked paper ballots and BMDs","Optical Scan",
"5501985925","Wisconsin","Town of Weston (Clark County)","373","1","Assigned Polling Place","No","Hand marked paper ballots and BMDs","Optical Scan",
"5501988275","Wisconsin","Village of Withee (Clark County)","264","1","Assigned Polling Place","No","Hand marked paper ballots and BMDs","Optical Scan",
"5501988300","Wisconsin","Town of Withee (Clark County)","351","1","Assigned Polling Place","No","Hand marked paper ballots and BMDs","Optical Scan",
"5501989125","Wisconsin","Town of Worden (Clark County)","299","1","Assigned Polling Place","No","Hand marked paper ballots and BMDs","Optical Scan",
"5501989425","Wisconsin","Town of York (Clark County)","395","1","Assigned Polling Place","No","Hand marked paper ballots and BMDs","Optical Scan",
"5502102800","Wisconsin","Village of Arlington (Columbia County)","569","1","Assigned Polling Place","No","Hand marked paper ballots and BMDs","Optical Scan",
"5502102825","Wisconsin","Town of Arlington (Columbia County)","581","1","Assigned Polling Place","No","Hand marked paper ballots and BMDs","Optical Scan",
"5502111900","Wisconsin","Town of Caledonia (Columbia County)","1057","1","Assigned Polling Place","No","Hand marked paper ballots and BMDs","Optical Scan",
"5502112200","Wisconsin","Village of Cambria (Columbia County)","402","1","Assigned Polling Place","No","Hand marked paper ballots and BMDs","Optical Scan",
"5502116450","Wisconsin","City of Columbus (Columbia County)","3382","2","Assigned Polling Place","No","Hand marked paper ballots and BMDs","Optical Scan",
"5502116475","Wisconsin","Town of Columbus (Columbia County)","451","1","Assigned Polling Place","No","Hand marked paper ballots and BMDs","Optical Scan",
"5502117325","Wisconsin","Town of Courtland (Columbia County)","327","1","Assigned Polling Place","No","Hand marked paper ballots and BMDs","Optical Scan",
"5502119375","Wisconsin","Town of Dekorra (Columbia County)","1882","1","Assigned Polling Place","No","Hand marked paper ballots and BMDs","Optical Scan",
"5502120775","Wisconsin","Village of Doylestown (Columbia County)","182","1","Assigned Polling Place","No","Hand marked paper ballots and BMDs","Optical Scan",
"5502125150","Wisconsin","Village of Fall River (Columbia County)","1043","1","Assigned Polling Place","No","Hand marked paper ballots and BMDs","Optical Scan",
"5502126725","Wisconsin","Town of Fort Winnebago (Columbia County)","600","1","Assigned Polling Place","No","Hand marked paper ballots and BMDs","Optical Scan",
"5502126875","Wisconsin","Town of Fountain Prairie (Columbia County)","625","1","Assigned Polling Place","No","Hand marked paper ballots and BMDs","Optical Scan",
"5502128000","Wisconsin","Village of Friesland (Columbia County)","202","1","Assigned Polling Place","No","Hand marked paper ballots and BMDs","Optical Scan",
"5502132375","Wisconsin","Town of Hampden (Columbia County)","422","1","Assigned Polling Place","No","Hand marked paper ballots and BMDs","Optical Scan",
"5502143125","Wisconsin","Town of Leeds (Columbia County)","580","1","Assigned Polling Place","No","Hand marked paper ballots and BMDs","Optical Scan",
"5502143775","Wisconsin","Town of Lewiston (Columbia County)","797","1","Assigned Polling Place","No","Hand marked paper ballots and BMDs","Optical Scan",
"5502145350","Wisconsin","City of Lodi (Columbia County)","2237","1","Assigned Polling Place","No","Hand marked paper ballots and BMDs","Optical Scan",
"5502145375","Wisconsin","Town of Lodi (Columbia County)","2521","1","Assigned Polling Place","No","Hand marked paper ballots and BMDs","Optical Scan",
"5502146050","Wisconsin","Town of Lowville (Columbia County)","757","1","Assigned Polling Place","No","Hand marked paper ballots and BMDs","Optical Scan",
"5502149150","Wisconsin","Town of Marcellon (Columbia County)","610","1","Assigned Polling Place","No","Hand marked paper ballots and BMDs","Optical Scan",
"5502157025","Wisconsin","Town of Newport (Columbia County)","464","1","Assigned Polling Place","No","Hand marked paper ballots and BMDs","Optical Scan",
"5502160687","Wisconsin","Town of Otsego (Columbia County)","470","1","Assigned Polling Place","No","Hand marked paper ballots and BMDs","Optical Scan",
"5502160925","Wisconsin","Town of Pacific (Columbia County)","2005","1","Assigned Polling Place","No","Hand marked paper ballots and BMDs","Optical Scan",
"5502161100","Wisconsin","Village of Pardeeville (Columbia County)","1294","1","Assigned Polling Place","No","Hand marked paper ballots and BMDs","Optical Scan",
"5502164100","Wisconsin","City of Portage (Columbia County)","4993","3","Assigned Polling Place","No","Hand marked paper ballots and BMDs","Optical Scan",
"5502164900","Wisconsin","Village of Poynette (Columbia County)","1568","1","Assigned Polling Place","No","Hand marked paper ballots and BMDs","Optical Scan",
"5502166175","Wisconsin","Town of Randolph (Columbia County)","495","1","Assigned Polling Place","No","Hand marked paper ballots and BMDs","Optical Scan",
"5502168100","Wisconsin","Village of Rio (Columbia County)","719","1","Assigned Polling Place","No","Hand marked paper ballots and BMDs","Optical Scan",
"5502172250","Wisconsin","Town of Scott (Columbia County)","445","1","Assigned Polling Place","No","Hand marked paper ballots and BMDs","Optical Scan",
"5502176225","Wisconsin","Town of Springvale (Columbia County)","360","1","Assigned Polling Place","No","Hand marked paper ballots and BMDs","Optical Scan",
"5502186100","Wisconsin","Town of West Point (Columbia County)","1595","1","Assigned Polling Place","No","Hand marked paper ballots and BMDs","Optical Scan",
"5502188150","Wisconsin","City of Wisconsin Dells (Columbia County)","1649","4","Assigned Polling Place","No","Hand marked paper ballots and BMDs","Optical Scan",
"5502189300","Wisconsin","Village of Wyocena (Columbia County)","402","1","Assigned Polling Place","No","Hand marked paper ballots and BMDs","Optical Scan",
"5502189325","Wisconsin","Town of Wyocena (Columbia County)","1226","1","Assigned Polling Place","No","Hand marked paper ballots and BMDs","Optical Scan",
"5502306225","Wisconsin","Village of Bell Center (Crawford County)","59","1","Assigned Polling Place","No","Hand marked paper ballots and DREs with VVPAT","Hand Count, Optical Scan, and DRE",
"5502309550","Wisconsin","Town of Bridgeport (Crawford County)","678","1","Assigned Polling Place","No","Hand marked paper ballots and BMDs","Hand Count, Optical Scan, and DRE",
"5502315075","Wisconsin","Town of Clayton (Crawford County)","604","1","Assigned Polling Place","No","Hand marked paper ballots and BMDs","Hand Count, Optical Scan, and DRE",
"5502321900","Wisconsin","Village of Eastman (Crawford County)","228","1","Assigned Polling Place","No","Hand marked paper ballots and BMDs","Hand Count, Optical Scan, and DRE",
"5502321925","Wisconsin","Town of Eastman (Crawford County)","495","1","Assigned Polling Place","No","Hand marked paper ballots and BMDs","Hand Count, Optical Scan, and DRE",
"5502325725","Wisconsin","Village of Ferryville (Crawford County)","157","1","Assigned Polling Place","No","Hand marked paper ballots and BMDs","Hand Count, Optical Scan, and DRE",
"5502327700","Wisconsin","Town of Freeman (Crawford County)","525","1","Assigned Polling Place","No","Hand marked paper ballots and BMDs","Hand Count, Optical Scan, and DRE",
"5502328450","Wisconsin","Village of Gays Mills (Crawford County)","313","1","Assigned Polling Place","No","Hand marked paper ballots and DREs with VVPAT","Hand Count, Optical Scan, and DRE",
"5502332500","Wisconsin","Town of Haney (Crawford County)","194","1","Assigned Polling Place","No","Hand marked paper ballots and BMDs","Hand Count, Optical Scan, and DRE",
"5502346675","Wisconsin","Village of Lynxville (Crawford County)","93","1","Assigned Polling Place","No","Hand marked paper ballots and DREs with VVPAT","Hand Count, Optical Scan, and DRE",
"5502349275","Wisconsin","Town of Marietta (Crawford County)","322","1","Assigned Polling Place","No","Hand marked paper ballots and BMDs","Hand Count, Optical Scan, and DRE",
"5502354900","Wisconsin","Village of Mount Sterling (Crawford County)","93","1","Assigned Polling Place","No","Hand marked paper ballots and DREs with VVPAT","Hand Count, Optical Scan, and DRE",
"5502365050","Wisconsin","City of Prairie du Chien (Crawford County)","2831","6","Assigned Polling Place","No","Hand marked paper ballots and BMDs","Hand Count, Optical Scan, and DRE",
"5502365075","Wisconsin","Town of Prairie du Chien (Crawford County)","585","1","Assigned Polling Place","No","Hand marked paper ballots and BMDs","Hand Count, Optical Scan, and DRE",
"5502372275","Wisconsin","Town of Scott (Crawford County)","293","1","Assigned Polling Place","No","Hand marked paper ballots and BMDs","Hand Count, Optical Scan, and DRE",
"5502372500","Wisconsin","Town of Seneca (Crawford County)","607","1","Assigned Polling Place","No","Hand marked paper ballots and BMDs","Hand Count, Optical Scan, and DRE",
"5502374550","Wisconsin","Village of Soldiers Grove (Crawford County)","314","1","Assigned Polling Place","No","Hand marked paper ballots and BMDs","Hand Count, Optical Scan, and DRE",
"5502377175","Wisconsin","Village of Steuben (Crawford County)","70","1","Assigned Polling Place","No","Hand marked paper ballots and DREs with VVPAT","Hand Count, Optical Scan, and DRE",
"5502382100","Wisconsin","Town of Utica (Crawford County)","418","1","Assigned Polling Place","No","Hand marked paper ballots and BMDs","Hand Count, Optical Scan, and DRE",
"5502384725","Wisconsin","Village of Wauzeka (Crawford County)","396","1","Assigned Polling Place","No","Hand marked paper ballots and BMDs","Hand Count, Optical Scan, and DRE",
"5502384750","Wisconsin","Town of Wauzeka (Crawford County)","262","1","Assigned Polling Place","No","Hand marked paper ballots and BMDs","Hand Count, Optical Scan, and DRE",
"5502500875","Wisconsin","Town of Albion (Dane County)","1391","1","Assigned Polling Place","No","Hand marked paper ballots and BMDs","Optical Scan",
"5502506300","Wisconsin","Village of Belleville (Dane County)","1883","2","Assigned Polling Place","No","Hand marked paper ballots and BMDs","Optical Scan",
"5502507025","Wisconsin","Town of Berry (Dane County)","885","1","Assigned Polling Place","No","Hand marked paper ballots and BMDs","Optical Scan",
"5502507800","Wisconsin","Village of Black Earth (Dane County)","1011","1","Assigned Polling Place","No","Hand marked paper ballots and BMDs","Optical Scan",
"5502507825","Wisconsin","Town of Black Earth (Dane County)","393","1","Assigned Polling Place","No","Hand marked paper ballots and BMDs","Optical Scan",
"5502508350","Wisconsin","Town of Blooming Grove (Dane County)","1124","1","Assigned Polling Place","No","Hand marked paper ballots and BMDs","Optical Scan",
"5502508475","Wisconsin","Village of Blue Mounds (Dane County)","645","1","Assigned Polling Place","No","Hand marked paper ballots and BMDs","Optical Scan",
"5502508500","Wisconsin","Town of Blue Mounds (Dane County)","691","1","Assigned Polling Place","No","Hand marked paper ballots and BMDs","Optical Scan",
"5502509775","Wisconsin","Town of Bristol (Dane County)","3155","1","Assigned Polling Place","No","Hand marked paper ballots and BMDs","Optical Scan",
"5502510075","Wisconsin","Village of Brooklyn (Dane County)","942","2","Assigned Polling Place","No","Hand marked paper ballots and BMDs","Optical Scan",
"5502511150","Wisconsin","Town of Burke (Dane County)","2238","2","Assigned Polling Place","No","Hand marked paper ballots and BMDs","Optical Scan",
"5502512225","Wisconsin","Village of Cambridge (Dane County)","1288","2","Assigned Polling Place","No","Hand marked paper ballots and BMDs","Optical Scan",
"5502514650","Wisconsin","Town of Christiana (Dane County)","866","1","Assigned Polling Place","No","Hand marked paper ballots and BMDs","Optical Scan",
"5502517175","Wisconsin","Village of Cottage Grove (Dane County)","5254","1","Assigned Polling Place","No","Hand marked paper ballots and BMDs","Optical Scan",
"5502517200","Wisconsin","Town of Cottage Grove (Dane County)","2822","1","Assigned Polling Place","No","Hand marked paper ballots and BMDs","Optical Scan",
"5502517775","Wisconsin","Village of Cross Plains (Dane County)","2842","1","Assigned Polling Place","No","Hand marked paper ballots and BMDs","Optical Scan",
"5502517800","Wisconsin","Town of Cross Plains (Dane County)","1199","1","Assigned Polling Place","No","Hand marked paper ballots and BMDs","Optical Scan",
"5502518700","Wisconsin","Village of Dane (Dane County)","715","1","Assigned Polling Place","No","Hand marked paper ballots and BMDs","Optical Scan",
"5502518725","Wisconsin","Town of Dane (Dane County)","635","1","Assigned Polling Place","No","Hand marked paper ballots and BMDs","Optical Scan",
"5502519250","Wisconsin","Village of Deerfield (Dane County)","1655","1","Assigned Polling Place","No","Hand marked paper ballots and BMDs","Optical Scan",
"5502519275","Wisconsin","Town of Deerfield (Dane County)","1139","1","Assigned Polling Place","No","Hand marked paper ballots and BMDs","Optical Scan",
"5502519350","Wisconsin","Village of DeForest (Dane County)","7546","5","Assigned Polling Place","No","Hand marked paper ballots and BMDs","Optical Scan",
"5502521100","Wisconsin","Town of Dunkirk (Dane County)","1391","1","Assigned Polling Place","No","Hand marked paper ballots and BMDs","Optical Scan",
"5502521125","Wisconsin","Town of Dunn (Dane County)","3823","1","Assigned Polling Place","No","Hand marked paper ballots and BMDs","Optical Scan",
"5502525950","Wisconsin","City of Fitchburg (Dane County)","19352","8","Assigned Polling Place","No","Hand marked paper ballots and BMDs","Optical Scan",
"5502548000","Wisconsin","City of Madison (Dane County)","197353","154","Assigned Polling Place","No","Hand marked paper ballots and BMDs","Optical Scan",
"5502548750","Wisconsin","Village of Maple Bluff (Dane County)","1217","1","Assigned Polling Place","No","Hand marked paper ballots and BMDs","Optical Scan",
"5502549575","Wisconsin","Village of Marshall (Dane County)","2195","1","Assigned Polling Place","No","Hand marked paper ballots and BMDs","Optical Scan",
"5502550225","Wisconsin","Village of Mazomanie (Dane County)","1218","1","Assigned Polling Place","No","Hand marked paper ballots and BMDs","Optical Scan",
"5502550250","Wisconsin","Town of Mazomanie (Dane County)","796","1","Assigned Polling Place","No","Hand marked paper ballots and BMDs","Optical Scan",
"5502546850","Wisconsin","Village of McFarland (Dane County)","6541","1","Assigned Polling Place","No","Hand marked paper ballots and BMDs","Optical Scan",
"5502550475","Wisconsin","Town of Medina (Dane County)","934","1","Assigned Polling Place","No","Hand marked paper ballots and BMDs","Optical Scan",
"5502551575","Wisconsin","City of Middleton (Dane County)","15998","7","Assigned Polling Place","No","Hand marked paper ballots and BMDs","Optical Scan",
"5502551600","Wisconsin","Town of Middleton (Dane County)","5165","1","Assigned Polling Place","No","Hand marked paper ballots and BMDs","Optical Scan",
"5502553675","Wisconsin","City of Monona (Dane County)","6432","2","Assigned Polling Place","No","Hand marked paper ballots and BMDs","Optical Scan",
"5502554100","Wisconsin","Town of Montrose (Dane County)","803","1","Assigned Polling Place","No","Hand marked paper ballots and BMDs","Optical Scan",
"5502554725","Wisconsin","Village of Mount Horeb (Dane County)","5319","2","Assigned Polling Place","No","Hand marked paper ballots and BMDs","Optical Scan",
"5502560200","Wisconsin","Village of Oregon (Dane County)","7880","3","Assigned Polling Place","No","Hand marked paper ballots and BMDs","Optical Scan",
"5502560225","Wisconsin","Town of Oregon (Dane County)","2415","1","Assigned Polling Place","No","Hand marked paper ballots and BMDs","Optical Scan",
"5502562050","Wisconsin","Town of Perry (Dane County)","547","1","Assigned Polling Place","No","Hand marked paper ballots and BMDs","Optical Scan",
"5502563375","Wisconsin","Town of Pleasant Springs (Dane County)","2462","1","Assigned Polling Place","No","Hand marked paper ballots and BMDs","Optical Scan",
"5502565575","Wisconsin","Town of Primrose (Dane County)","557","1","Assigned Polling Place","No","Hand marked paper ballots and BMDs","Optical Scan",
"5502568725","Wisconsin","Village of Rockdale (Dane County)","136","1","Assigned Polling Place","No","Hand marked paper ballots and BMDs","Optical Scan",
"5502569850","Wisconsin","Town of Roxbury (Dane County)","1337","1","Assigned Polling Place","No","Hand marked paper ballots and BMDs","Optical Scan",
"5502570400","Wisconsin","Town of Rutland (Dane County)","1507","1","Assigned Polling Place","No","Hand marked paper ballots and BMDs","Optical Scan",
"5502573750","Wisconsin","Village of Shorewood Hills (Dane County)","1814","1","Assigned Polling Place","No","Hand marked paper ballots and BMDs","Optical Scan",
"5502575850","Wisconsin","Town of Springdale (Dane County)","1574","1","Assigned Polling Place","No","Hand marked paper ballots and BMDs","Optical Scan",
"5502575875","Wisconsin","Town of Springfield (Dane County)","2043","1","Assigned Polling Place","No","Hand marked paper ballots and BMDs","Optical Scan",
"5502577675","Wisconsin","City of Stoughton (Dane County)","9223","4","Assigned Polling Place","No","Hand marked paper ballots and BMDs","Optical Scan",
"5502578600","Wisconsin","City of Sun Prairie (Dane County)","23401","30","Assigned Polling Place","No","Hand marked paper ballots and BMDs","Optical Scan",
"5502578625","Wisconsin","Town of Sun Prairie (Dane County)","1668","1","Assigned Polling Place","No","Hand marked paper ballots and BMDs","Optical Scan",
"5502582525","Wisconsin","Town of Vermont (Dane County)","707","1","Assigned Polling Place","No","Hand marked paper ballots and BMDs","Optical Scan",
"5502582600","Wisconsin","City of Verona (Dane County)","9765","2","Assigned Polling Place","No","Hand marked paper ballots and BMDs","Optical Scan",
"5502582625","Wisconsin","Town of Verona (Dane County)","1565","1","Assigned Polling Place","No","Hand marked paper ballots and BMDs","Optical Scan",
"5502582750","Wisconsin","Town of Vienna (Dane County)","1117","1","Assigned Polling Place","No","Hand marked paper ballots and BMDs","Optical Scan",
"5502584350","Wisconsin","Village of Waunakee (Dane County)","10455","2","Assigned Polling Place","No","Hand marked paper ballots and BMDs","Optical Scan",
"5502586125","Wisconsin","Town of Westport (Dane County)","3462","1","Assigned Polling Place","No","Hand marked paper ballots and BMDs","Optical Scan",
"5502587750","Wisconsin","Village of Windsor (Dane County)","6014","2","Assigned Polling Place","No","Hand marked paper ballots and BMDs","Optical Scan",
"5502589450","Wisconsin","Town of York (Dane County)","494","1","Assigned Polling Place","No","Hand marked paper ballots and BMDs","Optical Scan",
"5502703200","Wisconsin","Town of Ashippun (Dodge County)","1900","1","Assigned Polling Place","No","Hand marked paper ballots and BMDs","Optical Scan",
"5502705900","Wisconsin","City of Beaver Dam (Dodge County)","8782","7","Assigned Polling Place","No","Hand marked paper ballots and BMDs","Optical Scan",
"5502705925","Wisconsin","Town of Beaver Dam (Dodge County)","2643","2","Assigned Polling Place","No","Hand marked paper ballots and BMDs","Optical Scan",
"5502710450","Wisconsin","Village of Brownsville (Dodge County)","434","1","Assigned Polling Place","No","Hand marked paper ballots and BMDs","Optical Scan",
"5502711275","Wisconsin","Town of Burnett (Dodge County)","591","1","Assigned Polling Place","No","Hand marked paper ballots and BMDs","Optical Scan",
"5502711850","Wisconsin","Town of Calamus (Dodge County)","632","1","Assigned Polling Place","No","Hand marked paper ballots and BMDs","Optical Scan",
"5502714300","Wisconsin","Town of Chester (Dodge County)","419","1","Assigned Polling Place","No","Hand marked paper ballots and BMDs","Optical Scan",
"5502715900","Wisconsin","Village of Clyman (Dodge County)","220","1","Assigned Polling Place","No","Hand marked paper ballots and BMDs","Optical Scan",
"5502715925","Wisconsin","Town of Clyman (Dodge County)","517","1","Assigned Polling Place","No","Hand marked paper ballots and BMDs","Optical Scan",
"5502723000","Wisconsin","Town of Elba (Dodge County)","710","1","Assigned Polling Place","No","Hand marked paper ballots and BMDs","Optical Scan",
"5502724000","Wisconsin","Town of Emmet (Dodge County)","933","1","Assigned Polling Place","No","Hand marked paper ballots and BMDs","Optical Scan",
"5502727000","Wisconsin","City of Fox Lake (Dodge County)","877","1","Assigned Polling Place","No","Hand marked paper ballots and BMDs","Optical Scan",
"5502727025","Wisconsin","Town of Fox Lake (Dodge County)","871","1","Assigned Polling Place","No","Hand marked paper ballots and BMDs","Optical Scan",
"5502734000","Wisconsin","Town of Herman (Dodge County)","849","1","Assigned Polling Place","No","Hand marked paper ballots and BMDs","Optical Scan",
"5502735750","Wisconsin","City of Horicon (Dodge County)","2220","1","Assigned Polling Place","No","Hand marked paper ballots and BMDs","Optical Scan",
"5502736100","Wisconsin","Town of Hubbard (Dodge County)","1290","1","Assigned Polling Place","No","Hand marked paper ballots and BMDs","Optical Scan",
"5502736625","Wisconsin","Village of Hustisford (Dodge County)","716","1","Assigned Polling Place","No","Hand marked paper ballots and BMDs","Optical Scan",
"5502736650","Wisconsin","Town of Hustisford (Dodge County)","995","1","Assigned Polling Place","No","Hand marked paper ballots and BMDs","Optical Scan",
"5502737150","Wisconsin","Village of Iron Ridge (Dodge County)","604","1","Assigned Polling Place","No","Hand marked paper ballots and BMDs","Optical Scan",
"5502738675","Wisconsin","City of Juneau (Dodge County)","1185","1","Assigned Polling Place","No","Hand marked paper ballots and BMDs","Optical Scan",
"5502738900","Wisconsin","Village of Kekoskee (Dodge County)","639","1","Assigned Polling Place","No","Hand marked paper ballots and BMDs","Optical Scan",
"5502743050","Wisconsin","Town of Lebanon (Dodge County)","1062","1","Assigned Polling Place","No","Hand marked paper ballots and BMDs","Optical Scan",
"5502743650","Wisconsin","Town of Leroy (Dodge County)","645","1","Assigned Polling Place","No","Hand marked paper ballots and BMDs","Optical Scan",
"5502745475","Wisconsin","Village of Lomira (Dodge County)","1501","1","Assigned Polling Place","No","Hand marked paper ballots and BMDs","Optical Scan",
"5502745500","Wisconsin","Town of Lomira (Dodge County)","758","2","Assigned Polling Place","No","Hand marked paper ballots and BMDs","Optical Scan",
"5502745950","Wisconsin","Village of Lowell (Dodge County)","193","1","Assigned Polling Place","No","Hand marked paper ballots and BMDs","Optical Scan",
"5502745975","Wisconsin","Town of Lowell (Dodge County)","727","2","Assigned Polling Place","No","Hand marked paper ballots and BMDs","Optical Scan",
"5502750200","Wisconsin","City of Mayville (Dodge County)","3236","1","Assigned Polling Place","No","Hand marked paper ballots and BMDs","Optical Scan",
"5502756075","Wisconsin","Village of Neosho (Dodge County)","415","1","Assigned Polling Place","No","Hand marked paper ballots and BMDs","Optical Scan",
"5502759000","Wisconsin","Town of Oak Grove (Dodge County)","701","1","Assigned Polling Place","No","Hand marked paper ballots and BMDs","Optical Scan",
"5502764375","Wisconsin","Town of Portland (Dodge County)","747","1","Assigned Polling Place","No","Hand marked paper ballots and BMDs","Optical Scan",
"5502766150","Wisconsin","Village of Randolph (Dodge County)","1005","2","Assigned Polling Place","No","Hand marked paper ballots and BMDs","Optical Scan",
"5502766900","Wisconsin","Village of Reeseville (Dodge County)","390","1","Assigned Polling Place","No","Hand marked paper ballots and BMDs","Optical Scan",
"5502769962","Wisconsin","Town of Rubicon (Dodge County)","1581","1","Assigned Polling Place","No","Hand marked paper ballots and BMDs","Optical Scan",
"5502773575","Wisconsin","Town of Shields (Dodge County)","392","1","Assigned Polling Place","No","Hand marked paper ballots and BMDs","Optical Scan",
"5502779375","Wisconsin","Village of Theresa (Dodge County)","852","1","Assigned Polling Place","No","Hand marked paper ballots and BMDs","Optical Scan",
"5502779425","Wisconsin","Town of Theresa (Dodge County)","702","2","Assigned Polling Place","No","Hand marked paper ballots and BMDs","Optical Scan",
"5502780525","Wisconsin","Town of Trenton (Dodge County)","827","1","Assigned Polling Place","No","Hand marked paper ballots and BMDs","Optical Scan",
"5502784425","Wisconsin","City of Waupun (Dodge County)","4669","3","Assigned Polling Place","No","Hand marked paper ballots and BMDs","Optical Scan",
"5502785650","Wisconsin","Town of Westford (Dodge County)","896","2","Assigned Polling Place","No","Hand marked paper ballots and BMDs","Optical Scan",
"5502904325","Wisconsin","Town of Baileys Harbor (Door County)","1017","1","Assigned Polling Place","No","Hand marked paper ballots and BMDs","Optical Scan",
"5502910700","Wisconsin","Town of Brussels (Door County)","742","1","Assigned Polling Place","No","Hand marked paper ballots and BMDs","Optical Scan",
"5502915025","Wisconsin","Town of Clay Banks (Door County)","284","1","Assigned Polling Place","No","Hand marked paper ballots and BMDs","Optical Scan",
"5502922850","Wisconsin","Village of Egg Harbor (Door County)","298","1","Assigned Polling Place","No","Hand marked paper ballots and BMDs","Optical Scan",
"5502922875","Wisconsin","Town of Egg Harbor (Door County)","1187","1","Assigned Polling Place","No","Hand marked paper ballots and BMDs","Optical Scan",
"5502924150","Wisconsin","Village of Ephraim (Door County)","290","1","Assigned Polling Place","No","Hand marked paper ballots and BMDs","Optical Scan",
"5502926625","Wisconsin","Village of Forestville (Door County)","297","1","Assigned Polling Place","No","Hand marked paper ballots and BMDs","Optical Scan",
"5502926650","Wisconsin","Town of Forestville (Door County)","724","1","Assigned Polling Place","No","Hand marked paper ballots and BMDs","Optical Scan",
"5502928300","Wisconsin","Town of Gardner (Door County)","939","1","Assigned Polling Place","No","Hand marked paper ballots and BMDs","Optical Scan",
"5502928950","Wisconsin","Town of Gibraltar (Door County)","1027","1","Assigned Polling Place","No","Hand marked paper ballots and BMDs","Optical Scan",
"5502937750","Wisconsin","Town of Jacksonport (Door County)","675","1","Assigned Polling Place","No","Hand marked paper ballots and BMDs","Optical Scan",
"5502943925","Wisconsin","Town of Liberty Grove (Door County)","1765","1","Assigned Polling Place","No","Hand marked paper ballots and BMDs","Optical Scan",
"5502955500","Wisconsin","Town of Nasewaupee (Door County)","1455","1","Assigned Polling Place","No","Hand marked paper ballots and BMDs","Optical Scan",
"5502972600","Wisconsin","Town of Sevastopol (Door County)","2274","1","Assigned Polling Place","No","Hand marked paper ballots and BMDs","Optical Scan",
"5502974225","Wisconsin","Village of Sister Bay (Door County)","896","1","Assigned Polling Place","No","Hand marked paper ballots and BMDs","Optical Scan",
"5502977875","Wisconsin","City of Sturgeon Bay (Door County)","6179","4","Assigned Polling Place","No","Hand marked paper ballots and BMDs","Optical Scan",
"5502977900","Wisconsin","Town of Sturgeon Bay (Door County)","587","1","Assigned Polling Place","No","Hand marked paper ballots and BMDs","Optical Scan",
"5502981525","Wisconsin","Town of Union (Door County)","756","1","Assigned Polling Place","No","Hand marked paper ballots and BMDs","Optical Scan",
"5502983600","Wisconsin","Town of Washington (Door County)","701","1","Assigned Polling Place","No","Hand marked paper ballots and BMDs","Optical Scan",
"5503101825","Wisconsin","Town of Amnicon (Douglas County)","791","1","Assigned Polling Place","No","Hand marked paper ballots and BMDs","Optical Scan",
"5503106775","Wisconsin","Town of Bennett (Douglas County)","468","1","Assigned Polling Place","No","Hand marked paper ballots and BMDs","Optical Scan",
"5503110575","Wisconsin","Town of Brule (Douglas County)","434","1","Assigned Polling Place","No","Hand marked paper ballots and BMDs","Optical Scan",
"5503115825","Wisconsin","Town of Cloverland (Douglas County)","161","1","Assigned Polling Place","No","Hand marked paper ballots and BMDs","Optical Scan",
"5503118425","Wisconsin","Town of Dairyland (Douglas County)","147","1","Assigned Polling Place","No","Hand marked paper ballots and BMDs","Optical Scan",
"5503129925","Wisconsin","Town of Gordon (Douglas County)","561","1","Assigned Polling Place","No","Hand marked paper ballots and BMDs","Optical Scan",
"5503133350","Wisconsin","Town of Hawthorne (Douglas County)","706","1","Assigned Polling Place","No","Hand marked paper ballots and BMDs","Optical Scan",
"5503134425","Wisconsin","Town of Highland (Douglas County)","278","1","Assigned Polling Place","No","Hand marked paper ballots and BMDs","Optical Scan",
"5503141725","Wisconsin","Village of Lake Nebagamon (Douglas County)","846","1","Assigned Polling Place","No","Hand marked paper ballots and BMDs","Optical Scan",
"5503141800","Wisconsin","Town of Lakeside (Douglas County)","476","1","Assigned Polling Place","No","Hand marked paper ballots and BMDs","Optical Scan",
"5503148725","Wisconsin","Town of Maple (Douglas County)","467","1","Assigned Polling Place","No","Hand marked paper ballots and BMDs","Optical Scan",
"5503159100","Wisconsin","Town of Oakland (Douglas County)","841","1","Assigned Polling Place","No","Hand marked paper ballots and BMDs","Optical Scan",
"5503159800","Wisconsin","Village of Oliver (Douglas County)","294","1","Assigned Polling Place","No","Hand marked paper ballots and BMDs","Optical Scan",
"5503161250","Wisconsin","Town of Parkland (Douglas County)","783","1","Assigned Polling Place","No","Hand marked paper ballots and BMDs","Optical Scan",
"5503163975","Wisconsin","Village of Poplar (Douglas County)","411","1","Assigned Polling Place","No","Hand marked paper ballots and BMDs","Optical Scan",
"5503174575","Wisconsin","Village of Solon Springs (Douglas County)","436","1","Assigned Polling Place","No","Hand marked paper ballots and BMDs","Optical Scan",
"5503174600","Wisconsin","Town of Solon Springs (Douglas County)","756","1","Assigned Polling Place","No","Hand marked paper ballots and BMDs","Optical Scan",
"5503178275","Wisconsin","Town of Summit (Douglas County)","719","1","Assigned Polling Place","No","Hand marked paper ballots and BMDs","Optical Scan",
"5503178650","Wisconsin","City of Superior (Douglas County)","15259","5","Assigned Polling Place","No","Hand marked paper ballots and BMDs","Optical Scan",
"5503178660","Wisconsin","Village of Superior (Douglas County)","493","1","Assigned Polling Place","No","Hand marked paper ballots and BMDs","Optical Scan",
"5503178675","Wisconsin","Town of Superior (Douglas County)","1557","1","Assigned Polling Place","No","Hand marked paper ballots and BMDs","Optical Scan",
"5503183512","Wisconsin","Town of Wascott (Douglas County)","676","1","Assigned Polling Place","No","Hand marked paper ballots and BMDs","Optical Scan",
"5503309050","Wisconsin","Village of Boyceville (Dunn County)","573","1","Assigned Polling Place","No","Hand marked paper ballots and BMDs","Optical Scan",
"5503316275","Wisconsin","Village of Colfax (Dunn County)","640","1","Assigned Polling Place","No","Hand marked paper ballots and BMDs","Optical Scan",
"5503316300","Wisconsin","Town of Colfax (Dunn County)","804","1","Assigned Polling Place","No","Hand marked paper ballots and BMDs","Optical Scan",
"5503320675","Wisconsin","Village of Downing (Dunn County)","146","1","Assigned Polling Place","No","Hand marked paper ballots and BMDs","Optical Scan",
"5503321150","Wisconsin","Town of Dunn (Dunn County)","995","1","Assigned Polling Place","No","Hand marked paper ballots and BMDs","Optical Scan",
"5503322375","Wisconsin","Town of Eau Galle (Dunn County)","519","1","Assigned Polling Place","No","Hand marked paper ballots and BMDs","Optical Scan",
"5503323325","Wisconsin","Village of Elk Mound (Dunn County)","503","1","Assigned Polling Place","No","Hand marked paper ballots and BMDs","Optical Scan",
"5503323350","Wisconsin","Town of Elk Mound (Dunn County)","1155","1","Assigned Polling Place","No","Hand marked paper ballots and BMDs","Optical Scan",
"5503330300","Wisconsin","Town of Grant (Dunn County)","288","1","Assigned Polling Place","No","Hand marked paper ballots and BMDs","Optical Scan",
"5503333400","Wisconsin","Town of Hay River (Dunn County)","372","1","Assigned Polling Place","No","Hand marked paper ballots and BMDs","Optical Scan",
"5503339975","Wisconsin","Village of Knapp (Dunn County)","267","1","Assigned Polling Place","No","Hand marked paper ballots and BMDs","Optical Scan",
"5503346175","Wisconsin","Town of Lucas (Dunn County)","496","1","Assigned Polling Place","No","Hand marked paper ballots and BMDs","Optical Scan",
"5503351025","Wisconsin","City of Menomonie (Dunn County)","8705","6","Assigned Polling Place","No","Hand marked paper ballots and BMDs","Optical Scan",
"5503351050","Wisconsin","Town of Menomonie (Dunn County)","2081","1","Assigned Polling Place","No","Hand marked paper ballots and BMDs","Optical Scan",
"5503356775","Wisconsin","Town of New Haven (Dunn County)","426","1","Assigned Polling Place","No","Hand marked paper ballots and BMDs","Optical Scan",
"5503360725","Wisconsin","Town of Otter Creek (Dunn County)","342","1","Assigned Polling Place","No","Hand marked paper ballots and BMDs","Optical Scan",
"5503362125","Wisconsin","Town of Peru (Dunn County)","154","1","Assigned Polling Place","No","Hand marked paper ballots and BMDs","Optical Scan",
"5503366550","Wisconsin","Town of Red Cedar (Dunn County)","1553","1","Assigned Polling Place","No","Hand marked paper ballots and BMDs","Optical Scan",
"5503367800","Wisconsin","Village of Ridgeland (Dunn County)","133","1","Assigned Polling Place","No","Hand marked paper ballots and BMDs","Optical Scan",
"5503368700","Wisconsin","Town of Rock Creek (Dunn County)","630","1","Assigned Polling Place","No","Hand marked paper ballots and BMDs","Optical Scan",
"5503371425","Wisconsin","Town of Sand Creek (Dunn County)","349","1","Assigned Polling Place","No","Hand marked paper ballots and BMDs","Optical Scan",
"5503373300","Wisconsin","Town of Sheridan (Dunn County)","291","1","Assigned Polling Place","No","Hand marked paper ballots and BMDs","Optical Scan",
"5503373375","Wisconsin","Town of Sherman (Dunn County)","658","1","Assigned Polling Place","No","Hand marked paper ballots and BMDs","Optical Scan",
"5503375750","Wisconsin","Town of Spring Brook (Dunn County)","1114","1","Assigned Polling Place","No","Hand marked paper ballots and BMDs","Optical Scan",
"5503376650","Wisconsin","Town of Stanton (Dunn County)","557","1","Assigned Polling Place","No","Hand marked paper ballots and BMDs","Optical Scan",
"5503378975","Wisconsin","Town of Tainter (Dunn County)","1733","1","Assigned Polling Place","No","Hand marked paper ballots and BMDs","Optical Scan",
"5503379775","Wisconsin","Town of Tiffany (Dunn County)","392","1","Assigned Polling Place","No","Hand marked paper ballots and BMDs","Optical Scan",
"5503385975","Wisconsin","Town of Weston (Dunn County)","379","1","Assigned Polling Place","No","Hand marked paper ballots and BMDs","Optical Scan",
"5503386575","Wisconsin","Village of Wheeler (Dunn County)","149","1","Assigned Polling Place","No","Hand marked paper ballots and BMDs","Optical Scan",
"5503387375","Wisconsin","Town of Wilson (Dunn County)","321","1","Assigned Polling Place","No","Hand marked paper ballots and BMDs","Optical Scan",
"5503501550","Wisconsin","City of Altoona (Eau Claire County)","5354","1","Assigned Polling Place","No","Hand marked paper ballots and BMDs","Optical Scan",
"5503503825","Wisconsin","City of Augusta (Eau Claire County)","799","1","Assigned Polling Place","No","Hand marked paper ballots and BMDs","Optical Scan",
"5503509500","Wisconsin","Town of Bridge Creek (Eau Claire County)","769","1","Assigned Polling Place","No","Hand marked paper ballots and BMDs","Optical Scan",
"5503510625","Wisconsin","Town of Brunswick (Eau Claire County)","1369","1","Assigned Polling Place","No","Hand marked paper ballots and BMDs","Optical Scan",
"5503515200","Wisconsin","Town of Clear Creek (Eau Claire County)","519","1","Assigned Polling Place","No","Hand marked paper ballots and BMDs","Optical Scan",
"5503520800","Wisconsin","Town of Drammen (Eau Claire County)","536","1","Assigned Polling Place","No","Hand marked paper ballots and BMDs","Optical Scan",
"5503522300","Wisconsin","City of Eau Claire (Eau Claire County)","42352","73","Assigned Polling Place","No","Hand marked paper ballots and BMDs","Optical Scan",
"5503524825","Wisconsin","Village of Fairchild (Eau Claire County)","250","1","Assigned Polling Place","No","Hand marked paper ballots and BMDs","Optical Scan",
"5503524850","Wisconsin","Town of Fairchild (Eau Claire County)","172","1","Assigned Polling Place","No","Hand marked paper ballots and BMDs","Optical Scan",
"5503525125","Wisconsin","Village of Fall Creek (Eau Claire County)","925","1","Assigned Polling Place","No","Hand marked paper ballots and BMDs","Optical Scan",
"5503544350","Wisconsin","Town of Lincoln (Eau Claire County)","743","1","Assigned Polling Place","No","Hand marked paper ballots and BMDs","Optical Scan",
"5503546275","Wisconsin","Town of Ludington (Eau Claire County)","712","1","Assigned Polling Place","No","Hand marked paper ballots and BMDs","Optical Scan",
"5503560750","Wisconsin","Town of Otter Creek (Eau Claire County)","277","1","Assigned Polling Place","No","Hand marked paper ballots and BMDs","Optical Scan",
"5503563400","Wisconsin","Town of Pleasant Valley (Eau Claire County)","2813","1","Assigned Polling Place","No","Hand marked paper ballots and BMDs","Optical Scan",
"5503572675","Wisconsin","Town of Seymour (Eau Claire County)","2396","1","Assigned Polling Place","No","Hand marked paper ballots and BMDs","Optical Scan",
"5503581550","Wisconsin","Town of Union (Eau Claire County)","1805","1","Assigned Polling Place","No","Hand marked paper ballots and BMDs","Optical Scan",
"5503583612","Wisconsin","Town of Washington (Eau Claire County)","5183","2","Assigned Polling Place","No","Hand marked paper ballots and BMDs","Optical Scan",
"5503587400","Wisconsin","Town of Wilson (Eau Claire County)","239","1","Assigned Polling Place","No","Hand marked paper ballots and BMDs","Optical Scan",
"5503703875","Wisconsin","Town of Aurora (Florence County)","650","1","Assigned Polling Place","No","Hand marked paper ballots and BMDs","Optical Scan",
"5503716550","Wisconsin","Town of Commonwealth (Florence County)","274","1","Assigned Polling Place","No","Hand marked paper ballots and BMDs","Optical Scan",
"5503725575","Wisconsin","Town of Fence (Florence County)","141","1","Assigned Polling Place","No","Hand marked paper ballots and BMDs","Optical Scan",
"5503725675","Wisconsin","Town of Fern (Florence County)","153","1","Assigned Polling Place","No","Hand marked paper ballots and BMDs","Optical Scan",
"5503726200","Wisconsin","Town of Florence (Florence County)","1473","1","Assigned Polling Place","No","Hand marked paper ballots and BMDs","Optical Scan",
"5503735600","Wisconsin","Town of Homestead (Florence County)","276","1","Assigned Polling Place","No","Hand marked paper ballots and BMDs","Optical Scan",
"5503745625","Wisconsin","Town of Long Lake (Florence County)","155","1","Assigned Polling Place","No","Hand marked paper ballots and BMDs","Optical Scan",
"5503779975","Wisconsin","Town of Tipler (Florence County)","128","1","Assigned Polling Place","No","Hand marked paper ballots and BMDs","Optical Scan",
"5503901525","Wisconsin","Town of Alto (Fond du Lac County)","708","1","Assigned Polling Place","No","Hand marked paper ballots and BMDs","Optical Scan",
"5503903150","Wisconsin","Town of Ashford (Fond du Lac County)","1247","1","Assigned Polling Place","No","Hand marked paper ballots and BMDs","Optical Scan",
"5503903750","Wisconsin","Town of Auburn (Fond du Lac County)","1784","1","Assigned Polling Place","No","Hand marked paper ballots and BMDs","Optical Scan",
"5503909300","Wisconsin","Village of Brandon (Fond du Lac County)","557","1","Assigned Polling Place","No","Hand marked paper ballots and BMDs","Optical Scan",
"5503911600","Wisconsin","Town of Byron (Fond du Lac County)","1178","1","Assigned Polling Place","No","Hand marked paper ballots and BMDs","Optical Scan",
"5503912075","Wisconsin","Town of Calumet (Fond du Lac County)","991","1","Assigned Polling Place","No","Hand marked paper ballots and BMDs","Optical Scan",
"5503912325","Wisconsin","Village of Campbellsport (Fond du Lac County)","1154","1","Assigned Polling Place","No","Hand marked paper ballots and BMDs","Optical Scan",
"5503922475","Wisconsin","Village of Eden (Fond du Lac County)","509","1","Assigned Polling Place","No","Hand marked paper ballots and BMDs","Optical Scan",
"5503922500","Wisconsin","Town of Eden (Fond du Lac County)","750","1","Assigned Polling Place","No","Hand marked paper ballots and BMDs","Optical Scan",
"5503923150","Wisconsin","Town of Eldorado (Fond du Lac County)","979","1","Assigned Polling Place","No","Hand marked paper ballots and BMDs","Optical Scan",
"5503924050","Wisconsin","Town of Empire (Fond du Lac County)","2077","1","Assigned Polling Place","No","Hand marked paper ballots and BMDs","Optical Scan",
"5503925075","Wisconsin","Village of Fairwater (Fond du Lac County)","210","1","Assigned Polling Place","No","Hand marked paper ballots and BMDs","Optical Scan",
"5503926275","Wisconsin","City of Fond du Lac (Fond du Lac County)","22247","22","Assigned Polling Place","No","Hand marked paper ballots and BMDs","Optical Scan",
"5503926300","Wisconsin","Town of Fond du Lac (Fond du Lac County)","2582","1","Assigned Polling Place","No","Hand marked paper ballots and BMDs","Optical Scan",
"5503926450","Wisconsin","Town of Forest (Fond du Lac County)","724","1","Assigned Polling Place","No","Hand marked paper ballots and BMDs","Optical Scan",
"5503927975","Wisconsin","Town of Friendship (Fond du Lac County)","1619","1","Assigned Polling Place","No","Hand marked paper ballots and BMDs","Optical Scan",
"5503942125","Wisconsin","Town of Lamartine (Fond du Lac County)","1222","1","Assigned Polling Place","No","Hand marked paper ballots and BMDs","Optical Scan",
"5503949650","Wisconsin","Town of Marshfield (Fond du Lac County)","766","1","Assigned Polling Place","No","Hand marked paper ballots and BMDs","Optical Scan",
"5503951450","Wisconsin","Town of Metomen (Fond du Lac County)","488","1","Assigned Polling Place","No","Hand marked paper ballots and BMDs","Optical Scan",
"5503954650","Wisconsin","Village of Mount Calvary (Fond du Lac County)","348","1","Assigned Polling Place","No","Hand marked paper ballots and BMDs","Optical Scan",
"5503958000","Wisconsin","Village of North Fond du Lac (Fond du Lac County)","2802","1","Assigned Polling Place","No","Hand marked paper ballots and BMDs","Optical Scan",
"5503958900","Wisconsin","Village of Oakfield (Fond du Lac County)","717","1","Assigned Polling Place","No","Hand marked paper ballots and BMDs","Optical Scan",
"5503958925","Wisconsin","Town of Oakfield (Fond du Lac County)","482","1","Assigned Polling Place","No","Hand marked paper ballots and BMDs","Optical Scan",
"5503960425","Wisconsin","Town of Osceola (Fond du Lac County)","1312","1","Assigned Polling Place","No","Hand marked paper ballots and BMDs","Optical Scan",
"5503968175","Wisconsin","City of Ripon (Fond du Lac County)","4450","4","Assigned Polling Place","No","Hand marked paper ballots and BMDs","Optical Scan",
"5503968200","Wisconsin","Town of Ripon (Fond du Lac County)","928","1","Assigned Polling Place","No","Hand marked paper ballots and BMDs","Optical Scan",
"5503969525","Wisconsin","Village of Rosendale (Fond du Lac County)","662","1","Assigned Polling Place","No","Hand marked paper ballots and BMDs","Optical Scan",
"5503969550","Wisconsin","Town of Rosendale (Fond du Lac County)","477","1","Assigned Polling Place","No","Hand marked paper ballots and BMDs","Optical Scan",
"5503976250","Wisconsin","Town of Springvale (Fond du Lac County)","484","1","Assigned Polling Place","No","Hand marked paper ballots and BMDs","Optical Scan",
"5503970500","Wisconsin","Village of St. Cloud (Fond du Lac County)","334","1","Assigned Polling Place","No","Hand marked paper ballots and BMDs","Optical Scan",
"5503979125","Wisconsin","Town of Taycheedah (Fond du Lac County)","3372","1","Assigned Polling Place","No","Hand marked paper ballots and BMDs","Optical Scan",
"5503984450","Wisconsin","Town of Waupun (Fond du Lac County)","982","1","Assigned Polling Place","No","Hand marked paper ballots and BMDs","Optical Scan",
"5504101625","Wisconsin","Town of Alvin (Forest County)","143","1","Assigned Polling Place","No","Hand marked paper ballots and DREs with VVPAT","Hand Count and DRE",
"5504102625","Wisconsin","Town of Argonne (Forest County)","360","1","Assigned Polling Place","No","Hand marked paper ballots and DREs with VVPAT","Hand Count and DRE",
"5504102950","Wisconsin","Town of Armstrong Creek (Forest County)","326","1","Assigned Polling Place","No","Hand marked paper ballots and DREs with VVPAT","Hand Count and DRE",
"5504107950","Wisconsin","Town of Blackwell (Forest County)","84","1","Assigned Polling Place","No","Hand marked paper ballots and DREs with VVPAT","Hand Count and DRE",
"5504113125","Wisconsin","Town of Caswell (Forest County)","58","1","Assigned Polling Place","No","Hand marked paper ballots and DREs with VVPAT","Hand Count and DRE",
"5504117425","Wisconsin","City of Crandon (Forest County)","991","1","Assigned Polling Place","No","Hand marked paper ballots and DREs with VVPAT","Hand Count and DRE",
"5504117450","Wisconsin","Town of Crandon (Forest County)","420","1","Assigned Polling Place","No","Hand marked paper ballots and DREs with VVPAT","Hand Count and DRE",
"5504127600","Wisconsin","Town of Freedom (Forest County)","283","1","Assigned Polling Place","No","Hand marked paper ballots and DREs with VVPAT","Hand Count and DRE",
"5504134650","Wisconsin","Town of Hiles (Forest County)","295","1","Assigned Polling Place","No","Hand marked paper ballots and DREs with VVPAT","Hand Count and DRE",
"5504142500","Wisconsin","Town of Laona (Forest County)","802","1","Assigned Polling Place","No","Hand marked paper ballots and DREs with VVPAT","Hand Count and DRE",
"5504144375","Wisconsin","Town of Lincoln (Forest County)","677","1","Assigned Polling Place","No","Hand marked paper ballots and DREs with VVPAT","Hand Count and DRE",
"5504155575","Wisconsin","Town of Nashville (Forest County)","815","2","Assigned Polling Place","No","Hand marked paper ballots and DREs with VVPAT","Hand Count and DRE",
"5504164050","Wisconsin","Town of Popple River (Forest County)","27","1","Assigned Polling Place","No","Hand marked paper ballots and DREs with VVPAT","Hand Count and DRE",
"5504169625","Wisconsin","Town of Ross (Forest County)","109","1","Assigned Polling Place","No","Hand marked paper ballots and DREs with VVPAT","Hand Count and DRE",
"5504183025","Wisconsin","Town of Wabeno (Forest County)","596","1","Assigned Polling Place","No","Hand marked paper ballots and DREs with VVPAT","Hand Count and DRE",
"5504304250","Wisconsin","Village of Bagley (Grant County)","226","1","Assigned Polling Place","No","Hand marked paper ballots and DREs with VVPAT","Hand Count, Optical Scan, and DRE",
"5504306100","Wisconsin","Town of Beetown (Grant County)","390","1","Assigned Polling Place","No","Hand marked paper ballots and BMDs","Hand Count, Optical Scan, and DRE",
"5504308375","Wisconsin","Village of Bloomington (Grant County)","387","1","Assigned Polling Place","No","Hand marked paper ballots and BMDs","Hand Count, Optical Scan, and DRE",
"5504308400","Wisconsin","Town of Bloomington (Grant County)","233","1","Assigned Polling Place","No","Hand marked paper ballots and BMDs","Hand Count, Optical Scan, and DRE",
"5504308525","Wisconsin","Village of Blue River (Grant County)","246","1","Assigned Polling Place","No","Hand marked paper ballots and DREs with VVPAT","Hand Count, Optical Scan, and DRE",
"5504308850","Wisconsin","City of Boscobel (Grant County)","1544","1","Assigned Polling Place","No","Hand marked paper ballots and BMDs","Hand Count, Optical Scan, and DRE",
"5504308875","Wisconsin","Town of Boscobel (Grant County)","226","1","Assigned Polling Place","No","Hand marked paper ballots and DREs with VVPAT","Hand Count, Optical Scan, and DRE",
"5504313050","Wisconsin","Village of Cassville (Grant County)","499","1","Assigned Polling Place","No","Hand marked paper ballots and DREs with VVPAT","Hand Count, Optical Scan, and DRE",
"5504313075","Wisconsin","Town of Cassville (Grant County)","246","1","Assigned Polling Place","No","Hand marked paper ballots and BMDs","Hand Count, Optical Scan, and DRE",
"5504313100","Wisconsin","Town of Castle Rock (Grant County)","155","1","Assigned Polling Place","No","Hand marked paper ballots and DREs with VVPAT","Hand Count, Optical Scan, and DRE",
"5504315500","Wisconsin","Town of Clifton (Grant County)","143","1","Assigned Polling Place","No","Hand marked paper ballots and DREs with VVPAT","Hand Count, Optical Scan, and DRE",
"5504317950","Wisconsin","City of Cuba City (Grant County)","1197","2","Assigned Polling Place","No","Hand marked paper ballots and BMDs","Hand Count, Optical Scan, and DRE",
"5504320175","Wisconsin","Village of Dickeyville (Grant County)","659","1","Assigned Polling Place","No","Hand marked paper ballots and BMDs","Hand Count, Optical Scan, and DRE",
"5504323400","Wisconsin","Town of Ellenboro (Grant County)","350","1","Assigned Polling Place","No","Hand marked paper ballots and BMDs","Hand Count, Optical Scan, and DRE",
"5504325600","Wisconsin","City of Fennimore (Grant County)","1387","1","Assigned Polling Place","No","Hand marked paper ballots and BMDs","Hand Count, Optical Scan, and DRE",
"5504325625","Wisconsin","Town of Fennimore (Grant County)","274","1","Assigned Polling Place","No","Hand marked paper ballots and BMDs","Hand Count, Optical Scan, and DRE",
"5504329525","Wisconsin","Town of Glen Haven (Grant County)","260","1","Assigned Polling Place","No","Hand marked paper ballots and BMDs","Hand Count, Optical Scan, and DRE",
"5504332825","Wisconsin","Town of Harrison (Grant County)","321","1","Assigned Polling Place","No","Hand marked paper ballots and BMDs","Hand Count, Optical Scan, and DRE",
"5504333500","Wisconsin","Village of Hazel Green (Grant County)","657","2","Assigned Polling Place","No","Hand marked paper ballots and BMDs","Hand Count, Optical Scan, and DRE",
"5504333525","Wisconsin","Town of Hazel Green (Grant County)","695","1","Assigned Polling Place","No","Hand marked paper ballots and BMDs","Hand Count, Optical Scan, and DRE",
"5504334300","Wisconsin","Town of Hickory Grove (Grant County)","189","1","Assigned Polling Place","No","Hand marked paper ballots and DREs with VVPAT","Hand Count, Optical Scan, and DRE",
"5504337800","Wisconsin","Town of Jamestown (Grant County)","1465","1","Assigned Polling Place","No","Hand marked paper ballots and BMDs","Hand Count, Optical Scan, and DRE",
"5504342250","Wisconsin","City of Lancaster (Grant County)","2163","1","Assigned Polling Place","No","Hand marked paper ballots and BMDs","Hand Count, Optical Scan, and DRE",
"5504343825","Wisconsin","Town of Liberty (Grant County)","290","1","Assigned Polling Place","No","Hand marked paper ballots and DREs with VVPAT","Hand Count, Optical Scan, and DRE",
"5504344050","Wisconsin","Town of Lima (Grant County)","413","1","Assigned Polling Place","No","Hand marked paper ballots and BMDs","Hand Count, Optical Scan, and DRE",
"5504345025","Wisconsin","Town of Little Grant (Grant County)","172","1","Assigned Polling Place","No","Hand marked paper ballots and DREs with VVPAT","Hand Count, Optical Scan, and DRE",
"5504345325","Wisconsin","Village of Livingston (Grant County)","378","2","Assigned Polling Place","No","Hand marked paper ballots and BMDs","Hand Count, Optical Scan, and DRE",
"5504349350","Wisconsin","Town of Marion (Grant County)","302","1","Assigned Polling Place","No","Hand marked paper ballots and DREs with VVPAT","Hand Count, Optical Scan, and DRE",
"5504352150","Wisconsin","Town of Millville (Grant County)","100","1","Assigned Polling Place","No","Hand marked paper ballots and DREs with VVPAT","Hand Count, Optical Scan, and DRE",
"5504353950","Wisconsin","Village of Montfort (Grant County)","363","2","Assigned Polling Place","No","Hand marked paper ballots and BMDs","Hand Count, Optical Scan, and DRE",
"5504354675","Wisconsin","Village of Mount Hope (Grant County)","113","1","Assigned Polling Place","No","Hand marked paper ballots and BMDs","Hand Count, Optical Scan, and DRE",
"5504354700","Wisconsin","Town of Mount Hope (Grant County)","114","1","Assigned Polling Place","No","Hand marked paper ballots and BMDs","Hand Count, Optical Scan, and DRE",
"5504354775","Wisconsin","Town of Mount Ida (Grant County)","319","1","Assigned Polling Place","No","Hand marked paper ballots and DREs with VVPAT","Hand Count, Optical Scan, and DRE",
"5504355200","Wisconsin","Village of Muscoda (Grant County)","636","2","Assigned Polling Place","No","Hand marked paper ballots and BMDs","Hand Count, Optical Scan, and DRE",
"5504355225","Wisconsin","Town of Muscoda (Grant County)","404","1","Assigned Polling Place","No","Hand marked paper ballots and DREs with VVPAT","Hand Count, Optical Scan, and DRE",
"5504358125","Wisconsin","Town of North Lancaster (Grant County)","341","1","Assigned Polling Place","No","Hand marked paper ballots and BMDs","Hand Count, Optical Scan, and DRE",
"5504361150","Wisconsin","Town of Paris (Grant County)","479","1","Assigned Polling Place","No","Hand marked paper ballots and BMDs","Hand Count, Optical Scan, and DRE",
"5504361425","Wisconsin","Village of Patch Grove (Grant County)","90","1","Assigned Polling Place","No","Hand marked paper ballots and DREs with VVPAT","Hand Count, Optical Scan, and DRE",
"5504361450","Wisconsin","Town of Patch Grove (Grant County)","186","1","Assigned Polling Place","No","Hand marked paper ballots and DREs with VVPAT","Hand Count, Optical Scan, and DRE",
"5504363250","Wisconsin","City of Platteville (Grant County)","5594","4","Assigned Polling Place","No","Hand marked paper ballots and BMDs","Hand Count, Optical Scan, and DRE",
"5504363275","Wisconsin","Town of Platteville (Grant County)","956","1","Assigned Polling Place","No","Hand marked paper ballots and BMDs","Hand Count, Optical Scan, and DRE",
"5504364625","Wisconsin","Village of Potosi (Grant County)","414","1","Assigned Polling Place","No","Hand marked paper ballots and BMDs","Hand Count, Optical Scan, and DRE",
"5504364650","Wisconsin","Town of Potosi (Grant County)","523","1","Assigned Polling Place","No","Hand marked paper ballots and BMDs","Hand Count, Optical Scan, and DRE",
"5504374450","Wisconsin","Town of Smelser (Grant County)","521","1","Assigned Polling Place","No","Hand marked paper ballots and BMDs","Hand Count, Optical Scan, and DRE",
"5504375075","Wisconsin","Town of South Lancaster (Grant County)","421","1","Assigned Polling Place","No","Hand marked paper ballots and BMDs","Hand Count, Optical Scan, and DRE",
"5504379250","Wisconsin","Village of Tennyson (Grant County)","225","1","Assigned Polling Place","No","Hand marked paper ballots and DREs with VVPAT","Hand Count, Optical Scan, and DRE",
"5504383900","Wisconsin","Town of Waterloo (Grant County)","361","1","Assigned Polling Place","No","Hand marked paper ballots and DREs with VVPAT","Hand Count, Optical Scan, and DRE",
"5504384075","Wisconsin","Town of Watterstown (Grant County)","213","1","Assigned Polling Place","No","Hand marked paper ballots and DREs with VVPAT","Hand Count, Optical Scan, and DRE",
"5504387800","Wisconsin","Town of Wingville (Grant County)","204","1","Assigned Polling Place","No","Hand marked paper ballots and DREs with VVPAT","Hand Count, Optical Scan, and DRE",
"5504388825","Wisconsin","Village of Woodman (Grant County)","57","1","Assigned Polling Place","No","Hand marked paper ballots and DREs with VVPAT","Hand Count, Optical Scan, and DRE",
"5504388850","Wisconsin","Town of Woodman (Grant County)","99","1","Assigned Polling Place","No","Hand marked paper ballots and DREs with VVPAT","Hand Count, Optical Scan, and DRE",
"5504389250","Wisconsin","Town of Wyalusing (Grant County)","211","1","Assigned Polling Place","No","Hand marked paper ballots and DREs with VVPAT","Hand Count, Optical Scan, and DRE",
"5504500325","Wisconsin","Town of Adams (Green County)","376","1","Assigned Polling Place","No","Hand marked paper ballots and BMDs","Optical Scan",
"5504500750","Wisconsin","Village of Albany (Green County)","566","1","Assigned Polling Place","No","Hand marked paper ballots and BMDs","Optical Scan",
"5504500775","Wisconsin","Town of Albany (Green County)","775","1","Assigned Polling Place","No","Hand marked paper ballots and BMDs","Optical Scan",
"5504509925","Wisconsin","City of Brodhead (Green County)","1694","2","Assigned Polling Place","No","Hand marked paper ballots and BMDs","Optical Scan",
"5504510100","Wisconsin","Town of Brooklyn (Green County)","838","1","Assigned Polling Place","No","Hand marked paper ballots and BMDs","Optical Scan",
"5504510475","Wisconsin","Village of Browntown (Green County)","146","1","Assigned Polling Place","No","Hand marked paper ballots and BMDs","Optical Scan",
"5504511725","Wisconsin","Town of Cadiz (Green County)","507","1","Assigned Polling Place","No","Hand marked paper ballots and BMDs","Optical Scan",
"5504515000","Wisconsin","Town of Clarno (Green County)","725","1","Assigned Polling Place","No","Hand marked paper ballots and BMDs","Optical Scan",
"5504519075","Wisconsin","Town of Decatur (Green County)","1146","1","Assigned Polling Place","No","Hand marked paper ballots and BMDs","Optical Scan",
"5504524725","Wisconsin","Town of Exeter (Green County)","1487","1","Assigned Polling Place","No","Hand marked paper ballots and BMDs","Optical Scan",
"5504537875","Wisconsin","Town of Jefferson (Green County)","760","1","Assigned Polling Place","No","Hand marked paper ballots and BMDs","Optical Scan",
"5504538550","Wisconsin","Town of Jordan (Green County)","372","1","Assigned Polling Place","No","Hand marked paper ballots and BMDs","Optical Scan",
"5504553750","Wisconsin","City of Monroe (Green County)","5714","2","Assigned Polling Place","No","Hand marked paper ballots and BMDs","Optical Scan",
"5504553775","Wisconsin","Town of Monroe (Green County)","779","1","Assigned Polling Place","No","Hand marked paper ballots and BMDs","Optical Scan",
"5504554000","Wisconsin","Village of Monticello (Green County)","707","1","Assigned Polling Place","No","Hand marked paper ballots and BMDs","Optical Scan",
"5504554850","Wisconsin","Town of Mount Pleasant (Green County)","443","1","Assigned Polling Place","No","Hand marked paper ballots and BMDs","Optical Scan",
"5504556700","Wisconsin","Village of New Glarus (Green County)","1476","1","Assigned Polling Place","No","Hand marked paper ballots and BMDs","Optical Scan",
"5504556725","Wisconsin","Town of New Glarus (Green County)","1013","1","Assigned Polling Place","No","Hand marked paper ballots and BMDs","Optical Scan",
"5504576075","Wisconsin","Town of Spring Grove (Green County)","573","1","Assigned Polling Place","No","Hand marked paper ballots and BMDs","Optical Scan",
"5504578875","Wisconsin","Town of Sylvester (Green County)","706","1","Assigned Polling Place","No","Hand marked paper ballots and BMDs","Optical Scan",
"5504583625","Wisconsin","Town of Washington (Green County)","557","1","Assigned Polling Place","No","Hand marked paper ballots and BMDs","Optical Scan",
"5504589475","Wisconsin","Town of York (Green County)","727","1","Assigned Polling Place","No","Hand marked paper ballots and BMDs","Optical Scan",
"5504706925","Wisconsin","City of Berlin (Green Lake County)","2890","2","Assigned Polling Place","No","Hand marked paper ballots and BMDs","Optical Scan",
"5504706950","Wisconsin","Town of Berlin (Green Lake County)","807","1","Assigned Polling Place","No","Hand marked paper ballots and BMDs","Optical Scan",
"5504710125","Wisconsin","Town of Brooklyn (Green Lake County)","1416","1","Assigned Polling Place","No","Hand marked paper ballots and BMDs","Optical Scan",
"5504731300","Wisconsin","City of Green Lake (Green Lake County)","707","1","Assigned Polling Place","No","Hand marked paper ballots and BMDs","Optical Scan",
"5504731350","Wisconsin","Town of Green Lake (Green Lake County)","888","1","Assigned Polling Place","No","Hand marked paper ballots and BMDs","Optical Scan",
"5504739750","Wisconsin","Village of Kingston (Green Lake County)","222","1","Assigned Polling Place","No","Hand marked paper ballots and BMDs","Optical Scan",
"5504739775","Wisconsin","Town of Kingston (Green Lake County)","346","1","Assigned Polling Place","No","Hand marked paper ballots and BMDs","Optical Scan",
"5504746875","Wisconsin","Town of Mackford (Green Lake County)","346","1","Assigned Polling Place","No","Hand marked paper ballots and BMDs","Optical Scan",
"5504748400","Wisconsin","Town of Manchester (Green Lake County)","450","1","Assigned Polling Place","No","Hand marked paper ballots and BMDs","Optical Scan",
"5504749450","Wisconsin","City of Markesan (Green Lake County)","816","1","Assigned Polling Place","No","Hand marked paper ballots and BMDs","Optical Scan",
"5504749500","Wisconsin","Village of Marquette (Green Lake County)","131","1","Assigned Polling Place","No","Hand marked paper ballots and BMDs","Optical Scan",
"5504749525","Wisconsin","Town of Marquette (Green Lake County)","373","1","Assigned Polling Place","No","Hand marked paper ballots and BMDs","Optical Scan",
"5504765600","Wisconsin","City of Princeton (Green Lake County)","761","1","Assigned Polling Place","No","Hand marked paper ballots and BMDs","Optical Scan",
"5504765625","Wisconsin","Town of Princeton (Green Lake County)","1148","1","Assigned Polling Place","No","Hand marked paper ballots and BMDs","Optical Scan",
"5504772525","Wisconsin","Town of Seneca (Green Lake County)","268","1","Assigned Polling Place","No","Hand marked paper ballots and BMDs","Optical Scan",
"5504770925","Wisconsin","Town of St. Marie (Green Lake County)","265","1","Assigned Polling Place","No","Hand marked paper ballots and BMDs","Optical Scan",
"5504902550","Wisconsin","Village of Arena (Iowa County)","540","1","Assigned Polling Place","No","Hand marked paper ballots and BMDs","Optical Scan",
"5504902575","Wisconsin","Town of Arena (Iowa County)","1017","1","Assigned Polling Place","No","Hand marked paper ballots and BMDs","Optical Scan",
"5504904025","Wisconsin","Village of Avoca (Iowa County)","290","1","Assigned Polling Place","No","Hand marked paper ballots and BMDs","Optical Scan",
"5504904775","Wisconsin","Village of Barneveld (Iowa County)","847","1","Assigned Polling Place","No","Hand marked paper ballots and BMDs","Optical Scan",
"5504909600","Wisconsin","Town of Brigham (Iowa County)","812","1","Assigned Polling Place","No","Hand marked paper ballots and BMDs","Optical Scan",
"5504915875","Wisconsin","Town of Clyde (Iowa County)","234","1","Assigned Polling Place","No","Hand marked paper ballots and BMDs","Optical Scan",
"5504915975","Wisconsin","Village of Cobb (Iowa County)","293","1","Assigned Polling Place","No","Hand marked paper ballots and BMDs","Optical Scan",
"5504920350","Wisconsin","City of Dodgeville (Iowa County)","2949","1","Assigned Polling Place","No","Hand marked paper ballots and BMDs","Optical Scan",
"5504920375","Wisconsin","Town of Dodgeville (Iowa County)","1131","1","Assigned Polling Place","No","Hand marked paper ballots and BMDs","Optical Scan",
"5504922525","Wisconsin","Town of Eden (Iowa County)","245","1","Assigned Polling Place","No","Hand marked paper ballots and BMDs","Optical Scan",
"5504934450","Wisconsin","Village of Highland (Iowa County)","521","1","Assigned Polling Place","No","Hand marked paper ballots and BMDs","Optical Scan",
"5504934475","Wisconsin","Town of Highland (Iowa County)","467","1","Assigned Polling Place","No","Hand marked paper ballots and BMDs","Optical Scan",
"5504935400","Wisconsin","Village of Hollandale (Iowa County)","183","1","Assigned Polling Place","No","Hand marked paper ballots and BMDs","Optical Scan",
"5504944625","Wisconsin","Village of Linden (Iowa County)","262","1","Assigned Polling Place","No","Hand marked paper ballots and BMDs","Optical Scan",
"5504944650","Wisconsin","Town of Linden (Iowa County)","475","1","Assigned Polling Place","No","Hand marked paper ballots and BMDs","Optical Scan",
"5504951725","Wisconsin","Town of Mifflin (Iowa County)","320","1","Assigned Polling Place","No","Hand marked paper ballots and BMDs","Optical Scan",
"5504953100","Wisconsin","City of Mineral Point (Iowa County)","1722","1","Assigned Polling Place","No","Hand marked paper ballots and BMDs","Optical Scan",
"5504953125","Wisconsin","Town of Mineral Point (Iowa County)","660","1","Assigned Polling Place","No","Hand marked paper ballots and BMDs","Optical Scan",
"5504954425","Wisconsin","Town of Moscow (Iowa County)","430","1","Assigned Polling Place","No","Hand marked paper ballots and BMDs","Optical Scan",
"5504965700","Wisconsin","Town of Pulaski (Iowa County)","214","1","Assigned Polling Place","No","Hand marked paper ballots and BMDs","Optical Scan",
"5504967100","Wisconsin","Village of Rewey (Iowa County)","143","1","Assigned Polling Place","No","Hand marked paper ballots and BMDs","Optical Scan",
"5504967875","Wisconsin","Village of Ridgeway (Iowa County)","435","1","Assigned Polling Place","No","Hand marked paper ballots and BMDs","Optical Scan",
"5504967900","Wisconsin","Town of Ridgeway (Iowa County)","429","1","Assigned Polling Place","No","Hand marked paper ballots and BMDs","Optical Scan",
"5504983150","Wisconsin","Town of Waldwick (Iowa County)","319","1","Assigned Polling Place","No","Hand marked paper ballots and BMDs","Optical Scan",
"5504989350","Wisconsin","Town of Wyoming (Iowa County)","291","1","Assigned Polling Place","No","Hand marked paper ballots and BMDs","Optical Scan",
"5505101925","Wisconsin","Town of Anderson (Iron County)","47","1","Assigned Polling Place","No","Hand marked paper ballots and BMDs","Hand Count, Optical Scan, and DRE",
"5505112525","Wisconsin","Town of Carey (Iron County)","109","1","Assigned Polling Place","No","Hand marked paper ballots and DREs with VVPAT","Hand Count, Optical Scan, and DRE",
"5505131875","Wisconsin","Town of Gurney (Iron County)","107","1","Assigned Polling Place","No","Hand marked paper ballots and DREs with VVPAT","Hand Count, Optical Scan, and DRE",
"5505136525","Wisconsin","City of Hurley (Iron County)","922","4","Assigned Polling Place","No","Hand marked paper ballots and BMDs","Hand Count, Optical Scan, and DRE",
"5505139625","Wisconsin","Town of Kimball (Iron County)","370","1","Assigned Polling Place","No","Hand marked paper ballots and BMDs","Hand Count, Optical Scan, and DRE",
"5505140075","Wisconsin","Town of Knight (Iron County)","150","1","Assigned Polling Place","No","Hand marked paper ballots and DREs with VVPAT","Hand Count, Optical Scan, and DRE",
"5505151200","Wisconsin","Town of Mercer (Iron County)","1296","1","Assigned Polling Place","No","Hand marked paper ballots and BMDs","Hand Count, Optical Scan, and DRE",
"5505154075","Wisconsin","City of Montreal (Iron County)","527","1","Assigned Polling Place","No","Hand marked paper ballots and DREs with VVPAT","Hand Count, Optical Scan, and DRE",
"5505159850","Wisconsin","Town of Oma (Iron County)","278","1","Assigned Polling Place","No","Hand marked paper ballots and DREs with VVPAT","Hand Count, Optical Scan, and DRE",
"5505161825","Wisconsin","Town of Pence (Iron County)","131","1","Assigned Polling Place","No","Hand marked paper ballots and DREs with VVPAT","Hand Count, Optical Scan, and DRE",
"5505171875","Wisconsin","Town of Saxon (Iron County)","249","1","Assigned Polling Place","No","Hand marked paper ballots and DREs with VVPAT","Hand Count, Optical Scan, and DRE",
"5505173400","Wisconsin","Town of Sherman (Iron County)","242","1","Assigned Polling Place","No","Hand marked paper ballots and DREs with VVPAT","Hand Count, Optical Scan, and DRE",
"5505300350","Wisconsin","Town of Adams (Jackson County)","942","1","Assigned Polling Place","No","Hand marked paper ballots and BMDs","Hand Count, Optical Scan, and DRE",
"5505300900","Wisconsin","Town of Albion (Jackson County)","755","1","Assigned Polling Place","No","Hand marked paper ballots and BMDs","Hand Count, Optical Scan, and DRE",
"5505301275","Wisconsin","Town of Alma (Jackson County)","583","2","Assigned Polling Place","No","Hand marked paper ballots and BMDs","Hand Count, Optical Scan, and DRE",
"5505301300","Wisconsin","Village of Alma Center (Jackson County)","280","1","Assigned Polling Place","No","Hand marked paper ballots and BMDs","Hand Count, Optical Scan, and DRE",
"5505305550","Wisconsin","Town of Bear Bluff (Jackson County)","94","1","Assigned Polling Place","No","Hand marked paper ballots and BMDs","Hand Count, Optical Scan, and DRE",
"5505307900","Wisconsin","City of Black River Falls (Jackson County)","1939","4","Assigned Polling Place","No","Hand marked paper ballots and BMDs","Hand Count, Optical Scan, and DRE",
"5505309900","Wisconsin","Town of Brockway (Jackson County)","1033","1","Assigned Polling Place","No","Hand marked paper ballots and BMDs","Hand Count, Optical Scan, and DRE",
"5505314800","Wisconsin","Town of City Point (Jackson County)","127","1","Assigned Polling Place","No","Hand marked paper ballots and DREs with VVPAT","Hand Count, Optical Scan, and DRE",
"5505315375","Wisconsin","Town of Cleveland (Jackson County)","326","1","Assigned Polling Place","No","Hand marked paper ballots and BMDs","Hand Count, Optical Scan, and DRE",
"5505318075","Wisconsin","Town of Curran (Jackson County)","183","1","Assigned Polling Place","No","Hand marked paper ballots and BMDs","Hand Count, Optical Scan, and DRE",
"5505327225","Wisconsin","Town of Franklin (Jackson County)","193","1","Assigned Polling Place","No","Hand marked paper ballots and BMDs","Hand Count, Optical Scan, and DRE",
"5505328250","Wisconsin","Town of Garden Valley (Jackson County)","258","1","Assigned Polling Place","No","Hand marked paper ballots and BMDs","Hand Count, Optical Scan, and DRE",
"5505328325","Wisconsin","Town of Garfield (Jackson County)","442","1","Assigned Polling Place","No","Hand marked paper ballots and BMDs","Hand Count, Optical Scan, and DRE",
"5505335075","Wisconsin","Village of Hixton (Jackson County)","268","1","Assigned Polling Place","No","Hand marked paper ballots and BMDs","Hand Count, Optical Scan, and DRE",
"5505335100","Wisconsin","Town of Hixton (Jackson County)","373","1","Assigned Polling Place","No","Hand marked paper ballots and BMDs","Hand Count, Optical Scan, and DRE",
"5505337275","Wisconsin","Town of Irving (Jackson County)","444","1","Assigned Polling Place","No","Hand marked paper ballots and BMDs","Hand Count, Optical Scan, and DRE",
"5505340000","Wisconsin","Town of Knapp (Jackson County)","223","1","Assigned Polling Place","No","Hand marked paper ballots and BMDs","Hand Count, Optical Scan, and DRE",
"5505340325","Wisconsin","Town of Komensky (Jackson County)","208","1","Assigned Polling Place","No","Hand marked paper ballots and BMDs","Hand Count, Optical Scan, and DRE",
"5505348425","Wisconsin","Town of Manchester (Jackson County)","528","1","Assigned Polling Place","No","Hand marked paper ballots and BMDs","Hand Count, Optical Scan, and DRE",
"5505350750","Wisconsin","Village of Melrose (Jackson County)","329","1","Assigned Polling Place","No","Hand marked paper ballots and BMDs","Hand Count, Optical Scan, and DRE",
"5505350775","Wisconsin","Town of Melrose (Jackson County)","257","1","Assigned Polling Place","No","Hand marked paper ballots and BMDs","Hand Count, Optical Scan, and DRE",
"5505351300","Wisconsin","Village of Merrillan (Jackson County)","262","2","Assigned Polling Place","No","Hand marked paper ballots and BMDs","Hand Count, Optical Scan, and DRE",
"5505352050","Wisconsin","Town of Millston (Jackson County)","121","1","Assigned Polling Place","No","Hand marked paper ballots and BMDs","Hand Count, Optical Scan, and DRE",
"5505357775","Wisconsin","Town of North Bend (Jackson County)","316","1","Assigned Polling Place","No","Hand marked paper ballots and BMDs","Hand Count, Optical Scan, and DRE",
"5505357975","Wisconsin","Town of Northfield (Jackson County)","410","1","Assigned Polling Place","No","Hand marked paper ballots and BMDs","Hand Count, Optical Scan, and DRE",
"5505375900","Wisconsin","Town of Springfield (Jackson County)","277","1","Assigned Polling Place","No","Hand marked paper ballots and BMDs","Hand Count, Optical Scan, and DRE",
"5505379150","Wisconsin","Village of Taylor (Jackson County)","206","1","Assigned Polling Place","No","Hand marked paper ballots and BMDs","Hand Count, Optical Scan, and DRE",
"5505504125","Wisconsin","Town of Aztalan (Jefferson County)","961","1","Assigned Polling Place","No","Hand marked paper ballots and BMDs","Optical Scan",
"5505516225","Wisconsin","Town of Cold Spring (Jefferson County)","490","1","Assigned Polling Place","No","Hand marked paper ballots and BMDs","Optical Scan",
"5505516650","Wisconsin","Town of Concord (Jefferson County)","1450","1","Assigned Polling Place","No","Hand marked paper ballots and BMDs","Optical Scan",
"5505525300","Wisconsin","Town of Farmington (Jefferson County)","1074","1","Assigned Polling Place","No","Hand marked paper ballots and BMDs","Optical Scan",
"5505526675","Wisconsin","City of Fort Atkinson (Jefferson County)","7155","1","Assigned Polling Place","No","Hand marked paper ballots and BMDs","Optical Scan",
"5505533700","Wisconsin","Town of Hebron (Jefferson County)","750","1","Assigned Polling Place","No","Hand marked paper ballots and BMDs","Optical Scan",
"5505537600","Wisconsin","Town of Ixonia (Jefferson County)","3331","1","Assigned Polling Place","No","Hand marked paper ballots and BMDs","Optical Scan",
"5505537900","Wisconsin","City of Jefferson (Jefferson County)","4319","1","Assigned Polling Place","No","Hand marked paper ballots and BMDs","Optical Scan",
"5505537925","Wisconsin","Town of Jefferson (Jefferson County)","1397","1","Assigned Polling Place","No","Hand marked paper ballots and BMDs","Optical Scan",
"5505538350","Wisconsin","Village of Johnson Creek (Jefferson County)","1967","1","Assigned Polling Place","No","Hand marked paper ballots and BMDs","Optical Scan",
"5505540375","Wisconsin","Town of Koshkonong (Jefferson County)","2586","1","Assigned Polling Place","No","Hand marked paper ballots and BMDs","Optical Scan",
"5505541675","Wisconsin","City of Lake Mills (Jefferson County)","4279","1","Assigned Polling Place","No","Hand marked paper ballots and BMDs","Optical Scan",
"5505541700","Wisconsin","Town of Lake Mills (Jefferson County)","1659","1","Assigned Polling Place","No","Hand marked paper ballots and BMDs","Optical Scan",
"5505551850","Wisconsin","Town of Milford (Jefferson County)","795","1","Assigned Polling Place","No","Hand marked paper ballots and BMDs","Optical Scan",
"5505559125","Wisconsin","Town of Oakland (Jefferson County)","2370","1","Assigned Polling Place","No","Hand marked paper ballots and BMDs","Optical Scan",
"5505561025","Wisconsin","Village of Palmyra (Jefferson County)","1127","1","Assigned Polling Place","No","Hand marked paper ballots and BMDs","Optical Scan",
"5505561050","Wisconsin","Town of Palmyra (Jefferson County)","914","1","Assigned Polling Place","No","Hand marked paper ballots and BMDs","Optical Scan",
"5505578175","Wisconsin","Village of Sullivan (Jefferson County)","447","1","Assigned Polling Place","No","Hand marked paper ballots and BMDs","Optical Scan",
"5505578200","Wisconsin","Town of Sullivan (Jefferson County)","1671","1","Assigned Polling Place","No","Hand marked paper ballots and BMDs","Optical Scan",
"5505578475","Wisconsin","Town of Sumner (Jefferson County)","625","1","Assigned Polling Place","No","Hand marked paper ballots and BMDs","Optical Scan",
"5505583925","Wisconsin","City of Waterloo (Jefferson County)","2075","1","Assigned Polling Place","No","Hand marked paper ballots and BMDs","Optical Scan",
"5505583950","Wisconsin","Town of Waterloo (Jefferson County)","646","1","Assigned Polling Place","No","Hand marked paper ballots and BMDs","Optical Scan",
"5505583975","Wisconsin","City of Watertown (Jefferson County)","13107","10","Assigned Polling Place","No","Hand marked paper ballots and BMDs","Optical Scan",
"5505584000","Wisconsin","Town of Watertown (Jefferson County)","1423","1","Assigned Polling Place","No","Hand marked paper ballots and BMDs","Optical Scan",
"5505702850","Wisconsin","Town of Armenia (Juneau County)","491","1","Assigned Polling Place","No","Hand marked paper ballots and BMDs","Hand Count, Optical Scan, and DRE",
"5505712350","Wisconsin","Village of Camp Douglas (Juneau County)","347","1","Assigned Polling Place","No","Hand marked paper ballots and BMDs","Hand Count, Optical Scan, and DRE",
"5505715225","Wisconsin","Town of Clearfield (Juneau County)","499","2","Assigned Polling Place","No","Hand marked paper ballots and BMDs","Hand Count, Optical Scan, and DRE",
"5505718225","Wisconsin","Town of Cutler (Juneau County)","235","1","Assigned Polling Place","No","Hand marked paper ballots and DREs with VVPAT","Hand Count, Optical Scan, and DRE",
"5505723800","Wisconsin","City of Elroy (Juneau County)","704","1","Assigned Polling Place","No","Hand marked paper ballots and BMDs","Hand Count, Optical Scan, and DRE",
"5505725850","Wisconsin","Town of Finley (Juneau County)","62","1","Assigned Polling Place","No","Hand marked paper ballots and DREs with VVPAT","Hand Count, Optical Scan, and DRE",
"5505726825","Wisconsin","Town of Fountain (Juneau County)","406","1","Assigned Polling Place","No","Hand marked paper ballots and BMDs","Hand Count, Optical Scan, and DRE",
"5505728850","Wisconsin","Town of Germantown (Juneau County)","1218","2","Assigned Polling Place","No","Hand marked paper ballots and BMDs","Hand Count, Optical Scan, and DRE",
"5505736675","Wisconsin","Village of Hustler (Juneau County)","118","1","Assigned Polling Place","No","Hand marked paper ballots and BMDs","Hand Count, Optical Scan, and DRE",
"5505739575","Wisconsin","Town of Kildare (Juneau County)","420","1","Assigned Polling Place","No","Hand marked paper ballots and DREs with VVPAT","Hand Count, Optical Scan, and DRE",
"5505739800","Wisconsin","Town of Kingston (Juneau County)","22","1","Assigned Polling Place","No","Hand marked paper ballots and DREs with VVPAT","Hand Count, Optical Scan, and DRE",
"5505743300","Wisconsin","Town of Lemonweir (Juneau County)","977","1","Assigned Polling Place","No","Hand marked paper ballots and BMDs","Hand Count, Optical Scan, and DRE",
"5505744675","Wisconsin","Town of Lindina (Juneau County)","479","1","Assigned Polling Place","No","Hand marked paper ballots and DREs with VVPAT","Hand Count, Optical Scan, and DRE",
"5505744825","Wisconsin","Town of Lisbon (Juneau County)","573","2","Assigned Polling Place","No","Hand marked paper ballots and BMDs","Hand Count, Optical Scan, and DRE",
"5505746525","Wisconsin","Town of Lyndon (Juneau County)","877","1","Assigned Polling Place","No","Hand marked paper ballots and BMDs","Hand Count, Optical Scan, and DRE",
"5505746600","Wisconsin","Village of Lyndon Station (Juneau County)","256","1","Assigned Polling Place","No","Hand marked paper ballots and DREs with VVPAT","Hand Count, Optical Scan, and DRE",
"5505749375","Wisconsin","Town of Marion (Juneau County)","266","1","Assigned Polling Place","No","Hand marked paper ballots and DREs with VVPAT","Hand Count, Optical Scan, and DRE",
"5505750025","Wisconsin","City of Mauston (Juneau County)","2033","1","Assigned Polling Place","No","Hand marked paper ballots and DREs with VVPAT","Hand Count, Optical Scan, and DRE",
"5505755700","Wisconsin","Village of Necedah (Juneau County)","502","1","Assigned Polling Place","No","Hand marked paper ballots and BMDs","Hand Count, Optical Scan, and DRE",
"5505755725","Wisconsin","Town of Necedah (Juneau County)","1528","1","Assigned Polling Place","No","Hand marked paper ballots and BMDs","Hand Count, Optical Scan, and DRE",
"5505756900","Wisconsin","City of New Lisbon (Juneau County)","754","1","Assigned Polling Place","No","Hand marked paper ballots and BMDs","Hand Count, Optical Scan, and DRE",
"5505760150","Wisconsin","Town of Orange (Juneau County)","325","1","Assigned Polling Place","No","Hand marked paper ballots and DREs with VVPAT","Hand Count, Optical Scan, and DRE",
"5505763650","Wisconsin","Town of Plymouth (Juneau County)","411","1","Assigned Polling Place","No","Hand marked paper ballots and BMDs","Hand Count, Optical Scan, and DRE",
"5505772625","Wisconsin","Town of Seven Mile Creek (Juneau County)","230","1","Assigned Polling Place","No","Hand marked paper ballots and DREs with VVPAT","Hand Count, Optical Scan, and DRE",
"5505778300","Wisconsin","Town of Summit (Juneau County)","420","1","Assigned Polling Place","No","Hand marked paper ballots and BMDs","Hand Count, Optical Scan, and DRE",
"5505781725","Wisconsin","Village of Union Center (Juneau County)","132","1","Assigned Polling Place","No","Hand marked paper ballots and BMDs","Hand Count, Optical Scan, and DRE",
"5505788500","Wisconsin","Village of Wonewoc (Juneau County)","370","1","Assigned Polling Place","No","Hand marked paper ballots and BMDs","Hand Count, Optical Scan, and DRE",
"5505788525","Wisconsin","Town of Wonewoc (Juneau County)","407","1","Assigned Polling Place","No","Hand marked paper ballots and BMDs","Hand Count, Optical Scan, and DRE",
"5505909635","Wisconsin","Town of Brighton (Kenosha County)","1103","1","Assigned Polling Place","No","Hand marked paper ballots and BMDs","Optical Scan",
"5505909800","Wisconsin","Village of Bristol (Kenosha County)","3583","1","Assigned Polling Place","No","Hand marked paper ballots and BMDs","Optical Scan",
"5505939225","Wisconsin","City of Kenosha (Kenosha County)","52286","73","Assigned Polling Place","No","Hand marked paper ballots and BMDs","Optical Scan",
"5505960975","Wisconsin","Village of Paddock Lake (Kenosha County)","1955","1","Assigned Polling Place","No","Hand marked paper ballots and BMDs","Optical Scan",
"5505961175","Wisconsin","Town of Paris (Kenosha County)","1100","1","Assigned Polling Place","No","Hand marked paper ballots and BMDs","Optical Scan",
"5505963300","Wisconsin","Village of Pleasant Prairie (Kenosha County)","14213","6","Assigned Polling Place","No","Hand marked paper ballots and BMDs","Optical Scan",
"5505966125","Wisconsin","Town of Randall (Kenosha County)","2285","1","Assigned Polling Place","No","Hand marked paper ballots and BMDs","Optical Scan",
"5505971125","Wisconsin","Village of Salem Lakes (Kenosha County)","9276","3","Assigned Polling Place","No","Hand marked paper ballots and BMDs","Optical Scan",
"5505974625","Wisconsin","Village of Somers (Kenosha County)","5688","5","Assigned Polling Place","No","Hand marked paper ballots and BMDs","Optical Scan",
"5505974650","Wisconsin","Town of Somers (Kenosha County)","634","2","Assigned Polling Place","No","Hand marked paper ballots and BMDs","Optical Scan",
"5505981250","Wisconsin","Village of Twin Lakes (Kenosha County)","3875","1","Assigned Polling Place","No","Hand marked paper ballots and BMDs","Optical Scan",
"5505986500","Wisconsin","Town of Wheatland (Kenosha County)","2317","1","Assigned Polling Place","No","Hand marked paper ballots and BMDs","Optical Scan",
"5506100600","Wisconsin","Town of Ahnapee (Kewaunee County)","555","1","Assigned Polling Place","No","Hand marked paper ballots and BMDs","Optical Scan",
"5506101000","Wisconsin","City of Algoma (Kewaunee County)","1865","1","Assigned Polling Place","No","Hand marked paper ballots and BMDs","Optical Scan",
"5506112575","Wisconsin","Town of Carlton (Kewaunee County)","683","1","Assigned Polling Place","No","Hand marked paper ballots and BMDs","Optical Scan",
"5506112850","Wisconsin","Village of Casco (Kewaunee County)","366","1","Assigned Polling Place","No","Hand marked paper ballots and BMDs","Optical Scan",
"5506112875","Wisconsin","Town of Casco (Kewaunee County)","768","1","Assigned Polling Place","No","Hand marked paper ballots and BMDs","Optical Scan",
"5506127250","Wisconsin","Town of Franklin (Kewaunee County)","651","1","Assigned Polling Place","No","Hand marked paper ballots and BMDs","Optical Scan",
"5506139350","Wisconsin","City of Kewaunee (Kewaunee County)","1687","1","Assigned Polling Place","No","Hand marked paper ballots and BMDs","Optical Scan",
"5506144425","Wisconsin","Town of Lincoln (Kewaunee County)","573","1","Assigned Polling Place","No","Hand marked paper ballots and BMDs","Optical Scan",
"5506146400","Wisconsin","Village of Luxemburg (Kewaunee County)","1528","1","Assigned Polling Place","No","Hand marked paper ballots and BMDs","Optical Scan",
"5506146425","Wisconsin","Town of Luxemburg (Kewaunee County)","1033","1","Assigned Polling Place","No","Hand marked paper ballots and BMDs","Optical Scan",
"5506154050","Wisconsin","Town of Montpelier (Kewaunee County)","944","1","Assigned Polling Place","No","Hand marked paper ballots and BMDs","Optical Scan",
"5506162625","Wisconsin","Town of Pierce (Kewaunee County)","506","1","Assigned Polling Place","No","Hand marked paper ballots and BMDs","Optical Scan",
"5506166700","Wisconsin","Town of Red River (Kewaunee County)","986","1","Assigned Polling Place","No","Hand marked paper ballots and BMDs","Optical Scan",
"5506185775","Wisconsin","Town of West Kewaunee (Kewaunee County)","875","1","Assigned Polling Place","No","Hand marked paper ballots and BMDs","Optical Scan",
"5506304550","Wisconsin","Village of Bangor (La Crosse County)","932","1","Assigned Polling Place","No","Hand marked paper ballots and BMDs","Optical Scan",
"5506304575","Wisconsin","Town of Bangor (La Crosse County)","378","1","Assigned Polling Place","No","Hand marked paper ballots and BMDs","Optical Scan",
"5506304825","Wisconsin","Town of Barre (La Crosse County)","877","1","Assigned Polling Place","No","Hand marked paper ballots and BMDs","Optical Scan",
"5506311300","Wisconsin","Town of Burns (La Crosse County)","648","1","Assigned Polling Place","No","Hand marked paper ballots and BMDs","Optical Scan",
"5506312300","Wisconsin","Town of Campbell (La Crosse County)","2880","1","Assigned Polling Place","No","Hand marked paper ballots and BMDs","Optical Scan",
"5506325325","Wisconsin","Town of Farmington (La Crosse County)","1366","1","Assigned Polling Place","No","Hand marked paper ballots and BMDs","Optical Scan",
"5506331150","Wisconsin","Town of Greenfield (La Crosse County)","1475","1","Assigned Polling Place","No","Hand marked paper ballots and BMDs","Optical Scan",
"5506332275","Wisconsin","Town of Hamilton (La Crosse County)","1657","1","Assigned Polling Place","No","Hand marked paper ballots and BMDs","Optical Scan",
"5506335350","Wisconsin","Town of Holland (La Crosse County)","3033","1","Assigned Polling Place","No","Hand marked paper ballots and BMDs","Optical Scan",
"5506335450","Wisconsin","Village of Holmen (La Crosse County)","6904","1","Assigned Polling Place","No","Hand marked paper ballots and BMDs","Optical Scan",
"5506340775","Wisconsin","City of La Crosse (La Crosse County)","29361","28","Assigned Polling Place","No","Hand marked paper ballots and BMDs","Optical Scan",
"5506350400","Wisconsin","Town of Medary (La Crosse County)","1210","1","Assigned Polling Place","No","Hand marked paper ballots and BMDs","Optical Scan",
"5506359925","Wisconsin","City of Onalaska (La Crosse County)","11728","3","Assigned Polling Place","No","Hand marked paper ballots and BMDs","Optical Scan",
"5506359950","Wisconsin","Town of Onalaska (La Crosse County)","4090","1","Assigned Polling Place","No","Hand marked paper ballots and BMDs","Optical Scan",
"5506368900","Wisconsin","Village of Rockland (La Crosse County)","439","2","Assigned Polling Place","No","Hand marked paper ballots and BMDs","Optical Scan",
"5506373125","Wisconsin","Town of Shelby (La Crosse County)","3449","2","Assigned Polling Place","No","Hand marked paper ballots and BMDs","Optical Scan",
"5506383650","Wisconsin","Town of Washington (La Crosse County)","347","1","Assigned Polling Place","No","Hand marked paper ballots and BMDs","Optical Scan",
"5506386275","Wisconsin","Village of West Salem (La Crosse County)","3204","1","Assigned Polling Place","No","Hand marked paper ballots and BMDs","Optical Scan",
"5506502650","Wisconsin","Village of Argyle (Lafayette County)","444","1","Assigned Polling Place","No","Hand marked paper ballots and DREs with VVPAT","Hand Count, Optical Scan, and DRE",
"5506502675","Wisconsin","Town of Argyle (Lafayette County)","294","1","Assigned Polling Place","No","Hand marked paper ballots and DREs with VVPAT","Hand Count, Optical Scan, and DRE",
"5506506425","Wisconsin","Village of Belmont (Lafayette County)","510","1","Assigned Polling Place","No","Hand marked paper ballots and BMDs","Hand Count, Optical Scan, and DRE",
"5506506450","Wisconsin","Town of Belmont (Lafayette County)","375","1","Assigned Polling Place","No","Hand marked paper ballots and DREs with VVPAT","Hand Count, Optical Scan, and DRE",
"5506506825","Wisconsin","Village of Benton (Lafayette County)","564","1","Assigned Polling Place","No","Hand marked paper ballots and BMDs","Hand Count, Optical Scan, and DRE",
"5506506850","Wisconsin","Town of Benton (Lafayette County)","325","1","Assigned Polling Place","No","Hand marked paper ballots and DREs with VVPAT","Hand Count, Optical Scan, and DRE",
"5506508100","Wisconsin","Town of Blanchard (Lafayette County)","201","1","Assigned Polling Place","No","Hand marked paper ballots and BMDs","Hand Count, Optical Scan, and DRE",
"5506508125","Wisconsin","Village of Blanchardville (Lafayette County)","509","2","Assigned Polling Place","No","Hand marked paper ballots and BMDs","Hand Count, Optical Scan, and DRE",
"5506518875","Wisconsin","City of Darlington (Lafayette County)","1072","1","Assigned Polling Place","No","Hand marked paper ballots and BMDs","Hand Count, Optical Scan, and DRE",
"5506518900","Wisconsin","Town of Darlington (Lafayette County)","572","1","Assigned Polling Place","No","Hand marked paper ballots and DREs with VVPAT","Hand Count, Optical Scan, and DRE",
"5506523262","Wisconsin","Town of Elk Grove (Lafayette County)","245","1","Assigned Polling Place","No","Hand marked paper ballots and DREs with VVPAT","Hand Count, Optical Scan, and DRE",
"5506525475","Wisconsin","Town of Fayette (Lafayette County)","227","1","Assigned Polling Place","No","Hand marked paper ballots and DREs with VVPAT","Hand Count, Optical Scan, and DRE",
"5506530575","Wisconsin","Village of Gratiot (Lafayette County)","142","1","Assigned Polling Place","No","Hand marked paper ballots and DREs with VVPAT","Hand Count, Optical Scan, and DRE",
"5506530600","Wisconsin","Town of Gratiot (Lafayette County)","334","1","Assigned Polling Place","No","Hand marked paper ballots and DREs with VVPAT","Hand Count, Optical Scan, and DRE",
"5506539125","Wisconsin","Town of Kendall (Lafayette County)","213","1","Assigned Polling Place","No","Hand marked paper ballots and DREs with VVPAT","Hand Count, Optical Scan, and DRE",
"5506542175","Wisconsin","Town of Lamont (Lafayette County)","176","1","Assigned Polling Place","No","Hand marked paper ballots and DREs with VVPAT","Hand Count, Optical Scan, and DRE",
"5506554025","Wisconsin","Town of Monticello (Lafayette County)","80","1","Assigned Polling Place","No","Hand marked paper ballots and DREs with VVPAT","Hand Count, Optical Scan, and DRE",
"5506556625","Wisconsin","Town of New Diggings (Lafayette County)","309","1","Assigned Polling Place","No","Hand marked paper ballots and DREs with VVPAT","Hand Count, Optical Scan, and DRE",
"5506572700","Wisconsin","Town of Seymour (Lafayette County)","195","1","Assigned Polling Place","No","Hand marked paper ballots and DREs with VVPAT","Hand Count, Optical Scan, and DRE",
"5506573825","Wisconsin","City of Shullsburg (Lafayette County)","677","1","Assigned Polling Place","No","Hand marked paper ballots and BMDs","Hand Count, Optical Scan, and DRE",
"5506573850","Wisconsin","Town of Shullsburg (Lafayette County)","189","1","Assigned Polling Place","No","Hand marked paper ballots and DREs with VVPAT","Hand Count, Optical Scan, and DRE",
"5506575275","Wisconsin","Village of South Wayne (Lafayette County)","229","1","Assigned Polling Place","No","Hand marked paper ballots and DREs with VVPAT","Hand Count, Optical Scan, and DRE",
"5506584850","Wisconsin","Town of Wayne (Lafayette County)","281","1","Assigned Polling Place","No","Hand marked paper ballots and DREs with VVPAT","Hand Count, Optical Scan, and DRE",
"5506586800","Wisconsin","Town of White Oak Springs (Lafayette County)","76","1","Assigned Polling Place","No","Hand marked paper ballots and DREs with VVPAT","Hand Count, Optical Scan, and DRE",
"5506587275","Wisconsin","Town of Willow Springs (Lafayette County)","460","1","Assigned Polling Place","No","Hand marked paper ballots and BMDs","Hand Count, Optical Scan, and DRE",
"5506588050","Wisconsin","Town of Wiota (Lafayette County)","506","1","Assigned Polling Place","No","Hand marked paper ballots and BMDs","Hand Count, Optical Scan, and DRE",
"5506700225","Wisconsin","Town of Ackley (Langlade County)","348","1","Assigned Polling Place","No","Hand marked paper ballots and BMDs","Optical Scan",
"5506700625","Wisconsin","Town of Ainsworth (Langlade County)","379","1","Assigned Polling Place","No","Hand marked paper ballots and BMDs","Optical Scan",
"5506702250","Wisconsin","City of Antigo (Langlade County)","4065","9","Assigned Polling Place","No","Hand marked paper ballots and BMDs","Optical Scan",
"5506702275","Wisconsin","Town of Antigo (Langlade County)","932","1","Assigned Polling Place","No","Hand marked paper ballots and BMDs","Optical Scan",
"5506723050","Wisconsin","Town of Elcho (Langlade County)","945","1","Assigned Polling Place","No","Hand marked paper ballots and BMDs","Optical Scan",
"5506724575","Wisconsin","Town of Evergreen (Langlade County)","353","1","Assigned Polling Place","No","Hand marked paper ballots and BMDs","Optical Scan",
"5506742425","Wisconsin","Town of Langlade (Langlade County)","330","1","Assigned Polling Place","No","Hand marked paper ballots and BMDs","Optical Scan",
"5506756200","Wisconsin","Town of Neva (Langlade County)","589","1","Assigned Polling Place","No","Hand marked paper ballots and BMDs","Optical Scan",
"5506758700","Wisconsin","Town of Norwood (Langlade County)","623","1","Assigned Polling Place","No","Hand marked paper ballots and BMDs","Optical Scan",
"5506761375","Wisconsin","Town of Parrish (Langlade County)","78","1","Assigned Polling Place","No","Hand marked paper ballots and BMDs","Optical Scan",
"5506761525","Wisconsin","Town of Peck (Langlade County)","244","1","Assigned Polling Place","No","Hand marked paper ballots and BMDs","Optical Scan",
"5506763825","Wisconsin","Town of Polar (Langlade County)","720","1","Assigned Polling Place","No","Hand marked paper ballots and BMDs","Optical Scan",
"5506765550","Wisconsin","Town of Price (Langlade County)","135","1","Assigned Polling Place","No","Hand marked paper ballots and BMDs","Optical Scan",
"5506769175","Wisconsin","Town of Rolling (Langlade County)","942","1","Assigned Polling Place","No","Hand marked paper ballots and BMDs","Optical Scan",
"5506778325","Wisconsin","Town of Summit (Langlade County)","102","1","Assigned Polling Place","No","Hand marked paper ballots and BMDs","Optical Scan",
"5506781950","Wisconsin","Town of Upham (Langlade County)","596","1","Assigned Polling Place","No","Hand marked paper ballots and BMDs","Optical Scan",
"5506782825","Wisconsin","Town of Vilas (Langlade County)","147","1","Assigned Polling Place","No","Hand marked paper ballots and BMDs","Optical Scan",
"5506786750","Wisconsin","Village of White Lake (Langlade County)","185","1","Assigned Polling Place","No","Hand marked paper ballots and BMDs","Optical Scan",
"5506788450","Wisconsin","Town of Wolf River (Langlade County)","587","1","Assigned Polling Place","No","Hand marked paper ballots and BMDs","Optical Scan",
"5506907500","Wisconsin","Town of Birch (Lincoln County)","300","1","Assigned Polling Place","No","Hand marked paper ballots and BMDs","Optical Scan",
"5506909225","Wisconsin","Town of Bradley (Lincoln County)","1746","1","Assigned Polling Place","No","Hand marked paper ballots and BMDs","Optical Scan",
"5506917125","Wisconsin","Town of Corning (Lincoln County)","551","1","Assigned Polling Place","No","Hand marked paper ballots and BMDs","Optical Scan",
"5506932650","Wisconsin","Town of Harding (Lincoln County)","276","1","Assigned Polling Place","No","Hand marked paper ballots and BMDs","Optical Scan",
"5506932875","Wisconsin","Town of Harrison (Lincoln County)","660","1","Assigned Polling Place","No","Hand marked paper ballots and BMDs","Optical Scan",
"5506939675","Wisconsin","Town of King (Lincoln County)","754","1","Assigned Polling Place","No","Hand marked paper ballots and BMDs","Optical Scan",
"5506951250","Wisconsin","City of Merrill (Lincoln County)","4985","8","Assigned Polling Place","No","Hand marked paper ballots and BMDs","Optical Scan",
"5506951275","Wisconsin","Town of Merrill (Lincoln County)","1933","1","Assigned Polling Place","No","Hand marked paper ballots and BMDs","Optical Scan",
"5506962950","Wisconsin","Town of Pine River (Lincoln County)","1292","1","Assigned Polling Place","No","Hand marked paper ballots and BMDs","Optical Scan",
"5506968825","Wisconsin","Town of Rock Falls (Lincoln County)","469","1","Assigned Polling Place","No","Hand marked paper ballots and BMDs","Optical Scan",
"5506970325","Wisconsin","Town of Russell (Lincoln County)","395","1","Assigned Polling Place","No","Hand marked paper ballots and BMDs","Optical Scan",
"5506972100","Wisconsin","Town of Schley (Lincoln County)","565","1","Assigned Polling Place","No","Hand marked paper ballots and BMDs","Optical Scan",
"5506972300","Wisconsin","Town of Scott (Lincoln County)","975","1","Assigned Polling Place","No","Hand marked paper ballots and BMDs","Optical Scan",
"5506974250","Wisconsin","Town of Skanawan (Lincoln County)","299","1","Assigned Polling Place","No","Hand marked paper ballots and BMDs","Optical Scan",
"5506974725","Wisconsin","Town of Somo (Lincoln County)","100","1","Assigned Polling Place","No","Hand marked paper ballots and BMDs","Optical Scan",
"5506980125","Wisconsin","City of Tomahawk (Lincoln County)","2019","3","Assigned Polling Place","No","Hand marked paper ballots and BMDs","Optical Scan",
"5506980150","Wisconsin","Town of Tomahawk (Lincoln County)","343","1","Assigned Polling Place","No","Hand marked paper ballots and BMDs","Optical Scan",
"5506987425","Wisconsin","Town of Wilson (Lincoln County)","271","1","Assigned Polling Place","No","Hand marked paper ballots and BMDs","Optical Scan",
"5507113237","Wisconsin","Town of Cato (Manitowoc County)","1112","1","Assigned Polling Place","No","Hand marked paper ballots and BMDs","Hand Count and Optical Scan",
"5507113750","Wisconsin","Town of Centerville (Manitowoc County)","450","1","Assigned Polling Place","No","Hand marked paper ballots and BMDs","Hand Count and Optical Scan",
"5507115400","Wisconsin","Village of Cleveland (Manitowoc County)","914","1","Assigned Polling Place","No","Hand marked paper ballots and BMDs","Hand Count and Optical Scan",
"5507116950","Wisconsin","Town of Cooperstown (Manitowoc County)","858","1","Assigned Polling Place","No","Hand marked paper ballots and BMDs","Hand Count and Optical Scan",
"5507122275","Wisconsin","Town of Eaton (Manitowoc County)","592","1","Assigned Polling Place","No","Hand marked paper ballots and BMDs","Hand Count and Optical Scan",
"5507127125","Wisconsin","Village of Francis Creek (Manitowoc County)","431","1","Assigned Polling Place","No","Hand marked paper ballots and BMDs","Hand Count and Optical Scan",
"5507127275","Wisconsin","Town of Franklin (Manitowoc County)","817","1","Assigned Polling Place","No","Hand marked paper ballots and BMDs","Hand Count and Optical Scan",
"5507128975","Wisconsin","Town of Gibson (Manitowoc County)","892","1","Assigned Polling Place","No","Hand marked paper ballots and BMDs","Hand Count and Optical Scan",
"5507139000","Wisconsin","Village of Kellnersville (Manitowoc County)","191","1","Assigned Polling Place","No","Hand marked paper ballots and BMDs","Hand Count and Optical Scan",
"5507139525","Wisconsin","City of Kiel (Manitowoc County)","2451","2","Assigned Polling Place","No","Hand marked paper ballots and BMDs","Hand Count and Optical Scan",
"5507140425","Wisconsin","Town of Kossuth (Manitowoc County)","1352","1","Assigned Polling Place","No","Hand marked paper ballots and BMDs","Hand Count and Optical Scan",
"5507143850","Wisconsin","Town of Liberty (Manitowoc County)","900","1","Assigned Polling Place","No","Hand marked paper ballots and BMDs","Hand Count and Optical Scan",
"5507148500","Wisconsin","City of Manitowoc (Manitowoc County)","19106","10","Assigned Polling Place","No","Hand marked paper ballots and BMDs","Hand Count and Optical Scan",
"5507148525","Wisconsin","Town of Manitowoc (Manitowoc County)","717","1","Assigned Polling Place","No","Hand marked paper ballots and BMDs","Hand Count and Optical Scan",
"5507148575","Wisconsin","Town of Manitowoc Rapids (Manitowoc County)","1654","1","Assigned Polling Place","No","Hand marked paper ballots and BMDs","Hand Count and Optical Scan",
"5507148875","Wisconsin","Town of Maple Grove (Manitowoc County)","517","1","Assigned Polling Place","No","Hand marked paper ballots and BMDs","Hand Count and Optical Scan",
"5507149250","Wisconsin","Village of Maribel (Manitowoc County)","190","1","Assigned Polling Place","No","Hand marked paper ballots and BMDs","Hand Count and Optical Scan",
"5507150625","Wisconsin","Town of Meeme (Manitowoc County)","1024","1","Assigned Polling Place","No","Hand marked paper ballots and BMDs","Hand Count and Optical Scan",
"5507153325","Wisconsin","Village of Mishicot (Manitowoc County)","893","1","Assigned Polling Place","No","Hand marked paper ballots and BMDs","Hand Count and Optical Scan",
"5507153350","Wisconsin","Town of Mishicot (Manitowoc County)","847","1","Assigned Polling Place","No","Hand marked paper ballots and BMDs","Hand Count and Optical Scan",
"5507157200","Wisconsin","Town of Newton (Manitowoc County)","1552","1","Assigned Polling Place","No","Hand marked paper ballots and BMDs","Hand Count and Optical Scan",
"5507166875","Wisconsin","Village of Reedsville (Manitowoc County)","651","1","Assigned Polling Place","No","Hand marked paper ballots and BMDs","Hand Count and Optical Scan",
"5507168925","Wisconsin","Town of Rockland (Manitowoc County)","657","1","Assigned Polling Place","No","Hand marked paper ballots and BMDs","Hand Count and Optical Scan",
"5507172075","Wisconsin","Town of Schleswig (Manitowoc County)","1407","1","Assigned Polling Place","No","Hand marked paper ballots and BMDs","Hand Count and Optical Scan",
"5507171025","Wisconsin","Village of St. Nazianz (Manitowoc County)","420","1","Assigned Polling Place","No","Hand marked paper ballots and BMDs","Hand Count and Optical Scan",
"5507181300","Wisconsin","Town of Two Creeks (Manitowoc County)","277","1","Assigned Polling Place","No","Hand marked paper ballots and BMDs","Hand Count and Optical Scan",
"5507181325","Wisconsin","City of Two Rivers (Manitowoc County)","6416","2","Assigned Polling Place","No","Hand marked paper ballots and BMDs","Hand Count and Optical Scan",
"5507181350","Wisconsin","Town of Two Rivers (Manitowoc County)","1176","1","Assigned Polling Place","No","Hand marked paper ballots and BMDs","Hand Count and Optical Scan",
"5507182200","Wisconsin","Village of Valders (Manitowoc County)","547","1","Assigned Polling Place","No","Hand marked paper ballots and BMDs","Hand Count and Optical Scan",
"5507186775","Wisconsin","Village of Whitelaw (Manitowoc County)","490","1","Assigned Polling Place","No","Hand marked paper ballots and BMDs","Hand Count and Optical Scan",
"5507303550","Wisconsin","Village of Athens (Marathon County)","669","1","Assigned Polling Place","No","Hand marked paper ballots and BMDs","Optical Scan",
"5507306875","Wisconsin","Town of Bergen (Marathon County)","547","1","Assigned Polling Place","No","Hand marked paper ballots and BMDs","Optical Scan",
"5507306975","Wisconsin","Town of Berlin (Marathon County)","663","1","Assigned Polling Place","No","Hand marked paper ballots and BMDs","Optical Scan",
"5507307000","Wisconsin","Town of Bern (Marathon County)","280","1","Assigned Polling Place","No","Hand marked paper ballots and BMDs","Optical Scan",
"5507307125","Wisconsin","Town of Bevent (Marathon County)","747","1","Assigned Polling Place","No","Hand marked paper ballots and BMDs","Optical Scan",
"5507309650","Wisconsin","Town of Brighton (Marathon County)","301","1","Assigned Polling Place","No","Hand marked paper ballots and BMDs","Optical Scan",
"5507312975","Wisconsin","Town of Cassel (Marathon County)","623","1","Assigned Polling Place","No","Hand marked paper ballots and BMDs","Optical Scan",
"5507315425","Wisconsin","Town of Cleveland (Marathon County)","976","1","Assigned Polling Place","No","Hand marked paper ballots and BMDs","Optical Scan",
"5507318950","Wisconsin","Town of Day (Marathon County)","693","1","Assigned Polling Place","No","Hand marked paper ballots and BMDs","Optical Scan",
"5507322025","Wisconsin","Town of Easton (Marathon County)","845","1","Assigned Polling Place","No","Hand marked paper ballots and BMDs","Optical Scan",
"5507322425","Wisconsin","Town of Eau Pleine (Marathon County)","466","1","Assigned Polling Place","No","Hand marked paper ballots and BMDs","Optical Scan",
"5507322550","Wisconsin","Village of Edgar (Marathon County)","914","2","Assigned Polling Place","No","Hand marked paper ballots and BMDs","Optical Scan",
"5507323075","Wisconsin","Village of Elderon (Marathon County)","100","1","Assigned Polling Place","No","Hand marked paper ballots and BMDs","Optical Scan",
"5507323100","Wisconsin","Town of Elderon (Marathon County)","404","1","Assigned Polling Place","No","Hand marked paper ballots and BMDs","Optical Scan",
"5507324025","Wisconsin","Town of Emmet (Marathon County)","621","1","Assigned Polling Place","No","Hand marked paper ballots and BMDs","Optical Scan",
"5507325650","Wisconsin","Village of Fenwood (Marathon County)","101","1","Assigned Polling Place","No","Hand marked paper ballots and BMDs","Optical Scan",
"5507327150","Wisconsin","Town of Frankfort (Marathon County)","363","1","Assigned Polling Place","No","Hand marked paper ballots and BMDs","Optical Scan",
"5507327450","Wisconsin","Town of Franzen (Marathon County)","366","1","Assigned Polling Place","No","Hand marked paper ballots and BMDs","Optical Scan",
"5507331450","Wisconsin","Town of Green Valley (Marathon County)","381","1","Assigned Polling Place","No","Hand marked paper ballots and BMDs","Optical Scan",
"5507331800","Wisconsin","Town of Guenther (Marathon County)","259","1","Assigned Polling Place","No","Hand marked paper ballots and BMDs","Optical Scan",
"5507332150","Wisconsin","Town of Halsey (Marathon County)","328","1","Assigned Polling Place","No","Hand marked paper ballots and BMDs","Optical Scan",
"5507332200","Wisconsin","Town of Hamburg (Marathon County)","521","1","Assigned Polling Place","No","Hand marked paper ballots and BMDs","Optical Scan",
"5507332900","Wisconsin","Town of Harrison (Marathon County)","222","1","Assigned Polling Place","No","Hand marked paper ballots and BMDs","Optical Scan",
"5507333175","Wisconsin","Village of Hatley (Marathon County)","411","1","Assigned Polling Place","No","Hand marked paper ballots and BMDs","Optical Scan",
"5507334225","Wisconsin","Town of Hewitt (Marathon County)","440","1","Assigned Polling Place","No","Hand marked paper ballots and BMDs","Optical Scan",
"5507335500","Wisconsin","Town of Holton (Marathon County)","459","1","Assigned Polling Place","No","Hand marked paper ballots and BMDs","Optical Scan",
"5507336325","Wisconsin","Town of Hull (Marathon County)","374","1","Assigned Polling Place","No","Hand marked paper ballots and BMDs","Optical Scan",
"5507338300","Wisconsin","Town of Johnson (Marathon County)","423","1","Assigned Polling Place","No","Hand marked paper ballots and BMDs","Optical Scan",
"5507340150","Wisconsin","Town of Knowlton (Marathon County)","1427","1","Assigned Polling Place","No","Hand marked paper ballots and BMDs","Optical Scan",
"5507340550","Wisconsin","Village of Kronenwetter (Marathon County)","5439","2","Assigned Polling Place","No","Hand marked paper ballots and BMDs","Optical Scan",
"5507348225","Wisconsin","Village of Maine (Marathon County)","1917","1","Assigned Polling Place","No","Hand marked paper ballots and BMDs","Optical Scan",
"5507349075","Wisconsin","Town of Marathon (Marathon County)","707","1","Assigned Polling Place","No","Hand marked paper ballots and BMDs","Optical Scan",
"5507349100","Wisconsin","Village of Marathon City (Marathon County)","986","1","Assigned Polling Place","No","Hand marked paper ballots and BMDs","Optical Scan",
"5507346975","Wisconsin","Town of McMillan (Marathon County)","1413","1","Assigned Polling Place","No","Hand marked paper ballots and BMDs","Optical Scan",
"5507354500","Wisconsin","City of Mosinee (Marathon County)","2667","2","Assigned Polling Place","No","Hand marked paper ballots and BMDs","Optical Scan",
"5507354525","Wisconsin","Town of Mosinee (Marathon County)","1532","1","Assigned Polling Place","No","Hand marked paper ballots and BMDs","Optical Scan",
"5507357600","Wisconsin","Town of Norrie (Marathon County)","677","1","Assigned Polling Place","No","Hand marked paper ballots and BMDs","Optical Scan",
"5507363500","Wisconsin","Town of Plover (Marathon County)","441","1","Assigned Polling Place","No","Hand marked paper ballots and BMDs","Optical Scan",
"5507366950","Wisconsin","Town of Reid (Marathon County)","816","1","Assigned Polling Place","No","Hand marked paper ballots and BMDs","Optical Scan",
"5507367250","Wisconsin","Town of Rib Falls (Marathon County)","650","1","Assigned Polling Place","No","Hand marked paper ballots and BMDs","Optical Scan",
"5507367325","Wisconsin","Town of Rib Mountain (Marathon County)","5192","1","Assigned Polling Place","No","Hand marked paper ballots and BMDs","Optical Scan",
"5507367950","Wisconsin","Town of Rietbrock (Marathon County)","552","1","Assigned Polling Place","No","Hand marked paper ballots and BMDs","Optical Scan",
"5507368075","Wisconsin","Town of Ringle (Marathon County)","1221","1","Assigned Polling Place","No","Hand marked paper ballots and BMDs","Optical Scan",
"5507369725","Wisconsin","Village of Rothschild (Marathon County)","3419","2","Assigned Polling Place","No","Hand marked paper ballots and BMDs","Optical Scan",
"5507372150","Wisconsin","City of Schofield (Marathon County)","1271","1","Assigned Polling Place","No","Hand marked paper ballots and BMDs","Optical Scan",
"5507375400","Wisconsin","Village of Spencer (Marathon County)","1048","1","Assigned Polling Place","No","Hand marked paper ballots and BMDs","Optical Scan",
"5507375425","Wisconsin","Town of Spencer (Marathon County)","990","1","Assigned Polling Place","No","Hand marked paper ballots and BMDs","Optical Scan",
"5507377150","Wisconsin","Town of Stettin (Marathon County)","1829","1","Assigned Polling Place","No","Hand marked paper ballots and BMDs","Optical Scan",
"5507377750","Wisconsin","Village of Stratford (Marathon County)","945","1","Assigned Polling Place","No","Hand marked paper ballots and BMDs","Optical Scan",
"5507379350","Wisconsin","Town of Texas (Marathon County)","1132","1","Assigned Polling Place","No","Hand marked paper ballots and BMDs","Optical Scan",
"5507381850","Wisconsin","Village of Unity (Marathon County)","180","2","Assigned Polling Place","No","Hand marked paper ballots and BMDs","Optical Scan",
"5507384475","Wisconsin","City of Wausau (Marathon County)","20852","25","Assigned Polling Place","No","Hand marked paper ballots and BMDs","Optical Scan",
"5507384500","Wisconsin","Town of Wausau (Marathon County)","1556","1","Assigned Polling Place","No","Hand marked paper ballots and BMDs","Optical Scan",
"5507386025","Wisconsin","Village of Weston (Marathon County)","9179","1","Assigned Polling Place","No","Hand marked paper ballots and BMDs","Optical Scan",
"5507386050","Wisconsin","Town of Weston (Marathon County)","446","1","Assigned Polling Place","No","Hand marked paper ballots and BMDs","Optical Scan",
"5507387025","Wisconsin","Town of Wien (Marathon County)","523","1","Assigned Polling Place","No","Hand marked paper ballots and BMDs","Optical Scan",
"5507501675","Wisconsin","Town of Amberg (Marinette County)","542","1","Assigned Polling Place","No","Hand marked paper ballots and BMDs","Optical Scan",
"5507503525","Wisconsin","Town of Athelstane (Marinette County)","415","1","Assigned Polling Place","No","Hand marked paper ballots and BMDs","Optical Scan",
"5507505800","Wisconsin","Town of Beaver (Marinette County)","738","1","Assigned Polling Place","No","Hand marked paper ballots and BMDs","Optical Scan",
"5507506000","Wisconsin","Town of Beecher (Marinette County)","546","1","Assigned Polling Place","No","Hand marked paper ballots and BMDs","Optical Scan",
"5507516250","Wisconsin","Village of Coleman (Marinette County)","404","1","Assigned Polling Place","No","Hand marked paper ballots and BMDs","Optical Scan",
"5507517725","Wisconsin","Village of Crivitz (Marinette County)","587","1","Assigned Polling Place","No","Hand marked paper ballots and BMDs","Optical Scan",
"5507521000","Wisconsin","Town of Dunbar (Marinette County)","400","1","Assigned Polling Place","No","Hand marked paper ballots and BMDs","Optical Scan",
"5507529775","Wisconsin","Town of Goodman (Marinette County)","433","1","Assigned Polling Place","No","Hand marked paper ballots and BMDs","Optical Scan",
"5507531725","Wisconsin","Town of Grover (Marinette County)","1134","1","Assigned Polling Place","No","Hand marked paper ballots and BMDs","Optical Scan",
"5507541075","Wisconsin","Town of Lake (Marinette County)","806","1","Assigned Polling Place","No","Hand marked paper ballots and BMDs","Optical Scan",
"5507549300","Wisconsin","City of Marinette (Marinette County)","5466","4","Assigned Polling Place","No","Hand marked paper ballots and BMDs","Optical Scan",
"5507551537","Wisconsin","Town of Middle Inlet (Marinette County)","601","1","Assigned Polling Place","No","Hand marked paper ballots and BMDs","Optical Scan",
"5507557325","Wisconsin","City of Niagara (Marinette County)","857","1","Assigned Polling Place","No","Hand marked paper ballots and BMDs","Optical Scan",
"5507557350","Wisconsin","Town of Niagara (Marinette County)","591","1","Assigned Polling Place","No","Hand marked paper ballots and BMDs","Optical Scan",
"5507561775","Wisconsin","Town of Pembine (Marinette County)","616","1","Assigned Polling Place","No","Hand marked paper ballots and BMDs","Optical Scan",
"5507562175","Wisconsin","City of Peshtigo (Marinette County)","1829","3","Assigned Polling Place","No","Hand marked paper ballots and BMDs","Optical Scan",
"5507562200","Wisconsin","Town of Peshtigo (Marinette County)","2884","3","Assigned Polling Place","No","Hand marked paper ballots and BMDs","Optical Scan",
"5507564275","Wisconsin","Town of Porterfield (Marinette County)","1288","1","Assigned Polling Place","No","Hand marked paper ballots and BMDs","Optical Scan",
"5507564750","Wisconsin","Village of Pound (Marinette County)","181","1","Assigned Polling Place","No","Hand marked paper ballots and BMDs","Optical Scan",
"5507564775","Wisconsin","Town of Pound (Marinette County)","862","1","Assigned Polling Place","No","Hand marked paper ballots and BMDs","Optical Scan",
"5507573975","Wisconsin","Town of Silver Cliff (Marinette County)","437","1","Assigned Polling Place","No","Hand marked paper ballots and BMDs","Optical Scan",
"5507577000","Wisconsin","Town of Stephenson (Marinette County)","2565","2","Assigned Polling Place","No","Hand marked paper ballots and BMDs","Optical Scan",
"5507583050","Wisconsin","Town of Wagner (Marinette County)","485","1","Assigned Polling Place","No","Hand marked paper ballots and BMDs","Optical Scan",
"5507584525","Wisconsin","Village of Wausaukee (Marinette County)","288","1","Assigned Polling Place","No","Hand marked paper ballots and BMDs","Optical Scan",
"5507584550","Wisconsin","Town of Wausaukee (Marinette County)","845","1","Assigned Polling Place","No","Hand marked paper ballots and BMDs","Optical Scan",
"5507711050","Wisconsin","Town of Buffalo (Marquette County)","709","1","Assigned Polling Place","No","Hand marked paper ballots and BMDs","Optical Scan",
"5507717900","Wisconsin","Town of Crystal Lake (Marquette County)","369","1","Assigned Polling Place","No","Hand marked paper ballots and BMDs","Optical Scan",
"5507720525","Wisconsin","Town of Douglas (Marquette County)","549","1","Assigned Polling Place","No","Hand marked paper ballots and BMDs","Optical Scan",
"5507724075","Wisconsin","Village of Endeavor (Marquette County)","243","1","Assigned Polling Place","No","Hand marked paper ballots and BMDs","Optical Scan",
"5507732775","Wisconsin","Town of Harris (Marquette County)","526","1","Assigned Polling Place","No","Hand marked paper ballots and BMDs","Optical Scan",
"5507750350","Wisconsin","Town of Mecan (Marquette County)","519","1","Assigned Polling Place","No","Hand marked paper ballots and BMDs","Optical Scan",
"5507753875","Wisconsin","City of Montello (Marquette County)","855","1","Assigned Polling Place","No","Hand marked paper ballots and BMDs","Optical Scan",
"5507753900","Wisconsin","Town of Montello (Marquette County)","816","1","Assigned Polling Place","No","Hand marked paper ballots and BMDs","Optical Scan",
"5507754600","Wisconsin","Town of Moundville (Marquette County)","302","1","Assigned Polling Place","No","Hand marked paper ballots and BMDs","Optical Scan",
"5507756125","Wisconsin","Village of Neshkoro (Marquette County)","255","1","Assigned Polling Place","No","Hand marked paper ballots and BMDs","Optical Scan",
"5507756150","Wisconsin","Town of Neshkoro (Marquette County)","426","1","Assigned Polling Place","No","Hand marked paper ballots and BMDs","Optical Scan",
"5507757225","Wisconsin","Town of Newton (Marquette County)","299","1","Assigned Polling Place","No","Hand marked paper ballots and BMDs","Optical Scan",
"5507760875","Wisconsin","Village of Oxford (Marquette County)","345","1","Assigned Polling Place","No","Hand marked paper ballots and BMDs","Optical Scan",
"5507760900","Wisconsin","Town of Oxford (Marquette County)","625","1","Assigned Polling Place","No","Hand marked paper ballots and BMDs","Optical Scan",
"5507760962","Wisconsin","Town of Packwaukee (Marquette County)","964","1","Assigned Polling Place","No","Hand marked paper ballots and BMDs","Optical Scan",
"5507773600","Wisconsin","Town of Shields (Marquette County)","398","1","Assigned Polling Place","No","Hand marked paper ballots and BMDs","Optical Scan",
"5507775925","Wisconsin","Town of Springfield (Marquette County)","578","1","Assigned Polling Place","No","Hand marked paper ballots and BMDs","Optical Scan",
"5507785575","Wisconsin","Village of Westfield (Marquette County)","628","1","Assigned Polling Place","No","Hand marked paper ballots and BMDs","Optical Scan",
"5507785600","Wisconsin","Town of Westfield (Marquette County)","581","1","Assigned Polling Place","No","Hand marked paper ballots and BMDs","Optical Scan",
"5507850975","Wisconsin","Town of Menominee (Menominee County)","2036","2","Assigned Polling Place","No","Hand marked paper ballots and BMDs","Optical Scan",
"5507905450","Wisconsin","Village of Bayside (Milwaukee County)","3494","4","Assigned Polling Place","No","Hand marked paper ballots and BMDs","Optical Scan",
"5507910375","Wisconsin","Village of Brown Deer (Milwaukee County)","8252","4","Assigned Polling Place","No","Hand marked paper ballots and BMDs","Optical Scan",
"5507917975","Wisconsin","City of Cudahy (Milwaukee County)","10873","5","Assigned Polling Place","No","Hand marked paper ballots and BMDs","Optical Scan",
"5507927075","Wisconsin","Village of Fox Point (Milwaukee County)","5355","2","Assigned Polling Place","No","Hand marked paper ballots and BMDs","Optical Scan",
"5507927300","Wisconsin","City of Franklin (Milwaukee County)","23500","27","Assigned Polling Place","No","Hand marked paper ballots and BMDs","Optical Scan",
"5507929400","Wisconsin","City of Glendale (Milwaukee County)","9579","6","Assigned Polling Place","No","Hand marked paper ballots and BMDs","Optical Scan",
"5507931125","Wisconsin","Village of Greendale (Milwaukee County)","10228","4","Assigned Polling Place","No","Hand marked paper ballots and BMDs","Optical Scan",
"5507931175","Wisconsin","City of Greenfield (Milwaukee County)","22730","26","Assigned Polling Place","No","Hand marked paper ballots and BMDs","Optical Scan",
"5507932075","Wisconsin","Village of Hales Corners (Milwaukee County)","5019","3","Assigned Polling Place","No","Hand marked paper ballots and BMDs","Optical Scan",
"5507953000","Wisconsin","City of Milwaukee (Milwaukee County)","297279","354","Assigned Polling Place","No","Hand marked paper ballots and BMDs","Optical Scan",
"5507958800","Wisconsin","City of Oak Creek (Milwaukee County)","22026","18","Assigned Polling Place","No","Hand marked paper ballots and BMDs","Optical Scan",
"5507968325","Wisconsin","Village of River Hills (Milwaukee County)","1288","1","Assigned Polling Place","No","Hand marked paper ballots and BMDs","Optical Scan",
"5507973725","Wisconsin","Village of Shorewood (Milwaukee County)","10214","3","Assigned Polling Place","No","Hand marked paper ballots and BMDs","Optical Scan",
"5507975125","Wisconsin","City of South Milwaukee (Milwaukee County)","12017","4","Assigned Polling Place","No","Hand marked paper ballots and BMDs","Optical Scan",
"5507970650","Wisconsin","City of St. Francis (Milwaukee County)","6349","3","Assigned Polling Place","No","Hand marked paper ballots and BMDs","Optical Scan",
"5507984675","Wisconsin","City of Wauwatosa (Milwaukee County)","34747","32","Assigned Polling Place","No","Hand marked paper ballots and BMDs","Optical Scan",
"5507985300","Wisconsin","City of West Allis (Milwaukee County)","33938","26","Assigned Polling Place","No","Hand marked paper ballots and BMDs","Optical Scan",
"5507985875","Wisconsin","Village of West Milwaukee (Milwaukee County)","1863","2","Assigned Polling Place","No","Hand marked paper ballots and BMDs","Optical Scan",
"5507986700","Wisconsin","Village of Whitefish Bay (Milwaukee County)","10688","7","Assigned Polling Place","No","Hand marked paper ballots and BMDs","Optical Scan",
"5508100475","Wisconsin","Town of Adrian (Monroe County)","513","1","Assigned Polling Place","No","Hand marked paper ballots and BMDs","Hand Count, Optical Scan, and DRE",
"5508102025","Wisconsin","Town of Angelo (Monroe County)","867","1","Assigned Polling Place","No","Hand marked paper ballots and BMDs","Hand Count, Optical Scan, and DRE",
"5508111625","Wisconsin","Town of Byron (Monroe County)","701","1","Assigned Polling Place","No","Hand marked paper ballots and BMDs","Hand Count, Optical Scan, and DRE",
"5508112950","Wisconsin","Village of Cashton (Monroe County)","565","1","Assigned Polling Place","No","Hand marked paper ballots and BMDs","Hand Count, Optical Scan, and DRE",
"5508115550","Wisconsin","Town of Clifton (Monroe County)","265","1","Assigned Polling Place","No","Hand marked paper ballots and BMDs","Hand Count, Optical Scan, and DRE",
"5508129450","Wisconsin","Town of Glendale (Monroe County)","408","1","Assigned Polling Place","No","Hand marked paper ballots and BMDs","Hand Count, Optical Scan, and DRE",
"5508130325","Wisconsin","Town of Grant (Monroe County)","292","1","Assigned Polling Place","No","Hand marked paper ballots and BMDs","Hand Count, Optical Scan, and DRE",
"5508131225","Wisconsin","Town of Greenfield (Monroe County)","456","1","Assigned Polling Place","No","Hand marked paper ballots and BMDs","Hand Count, Optical Scan, and DRE",
"5508137950","Wisconsin","Town of Jefferson (Monroe County)","355","1","Assigned Polling Place","No","Hand marked paper ballots and BMDs","Hand Count, Optical Scan, and DRE",
"5508139150","Wisconsin","Village of Kendall (Monroe County)","254","1","Assigned Polling Place","No","Hand marked paper ballots and BMDs","Hand Count, Optical Scan, and DRE",
"5508141000","Wisconsin","Town of La Grange (Monroe County)","1335","2","Assigned Polling Place","No","Hand marked paper ballots and BMDs","Hand Count, Optical Scan, and DRE",
"5508140925","Wisconsin","Town of Lafayette (Monroe County)","225","1","Assigned Polling Place","No","Hand marked paper ballots and BMDs","Hand Count, Optical Scan, and DRE",
"5508143475","Wisconsin","Town of Leon (Monroe County)","722","1","Assigned Polling Place","No","Hand marked paper ballots and BMDs","Hand Count, Optical Scan, and DRE",
"5508144450","Wisconsin","Town of Lincoln (Monroe County)","529","1","Assigned Polling Place","No","Hand marked paper ballots and BMDs","Hand Count, Optical Scan, and DRE",
"5508144975","Wisconsin","Town of Little Falls (Monroe County)","942","1","Assigned Polling Place","No","Hand marked paper ballots and BMDs","Hand Count, Optical Scan, and DRE",
"5508150800","Wisconsin","Village of Melvina (Monroe County)","52","1","Assigned Polling Place","No","Hand marked paper ballots and DREs with VVPAT","Hand Count, Optical Scan, and DRE",
"5508156950","Wisconsin","Town of New Lyme (Monroe County)","125","1","Assigned Polling Place","No","Hand marked paper ballots and BMDs","Hand Count, Optical Scan, and DRE",
"5508158575","Wisconsin","Village of Norwalk (Monroe County)","239","1","Assigned Polling Place","No","Hand marked paper ballots and BMDs","Hand Count, Optical Scan, and DRE",
"5508158850","Wisconsin","Village of Oakdale (Monroe County)","156","1","Assigned Polling Place","No","Hand marked paper ballots and BMDs","Hand Count, Optical Scan, and DRE",
"5508158875","Wisconsin","Town of Oakdale (Monroe County)","465","1","Assigned Polling Place","No","Hand marked paper ballots and BMDs","Hand Count, Optical Scan, and DRE",
"5508164425","Wisconsin","Town of Portland (Monroe County)","508","1","Assigned Polling Place","No","Hand marked paper ballots and BMDs","Hand Count, Optical Scan, and DRE",
"5508167850","Wisconsin","Town of Ridgeville (Monroe County)","310","1","Assigned Polling Place","No","Hand marked paper ballots and BMDs","Hand Count, Optical Scan, and DRE",
"5508172325","Wisconsin","Town of Scott (Monroe County)","55","1","Assigned Polling Place","No","Hand marked paper ballots and BMDs","Hand Count, Optical Scan, and DRE",
"5508173150","Wisconsin","Town of Sheldon (Monroe County)","301","1","Assigned Polling Place","No","Hand marked paper ballots and BMDs","Hand Count, Optical Scan, and DRE",
"5508175325","Wisconsin","City of Sparta (Monroe County)","4984","2","Assigned Polling Place","No","Hand marked paper ballots and BMDs","Hand Count, Optical Scan, and DRE",
"5508175350","Wisconsin","Town of Sparta (Monroe County)","2008","1","Assigned Polling Place","No","Hand marked paper ballots and BMDs","Hand Count, Optical Scan, and DRE",
"5508180075","Wisconsin","City of Tomah (Monroe County)","4766","2","Assigned Polling Place","No","Hand marked paper ballots and BMDs","Hand Count, Optical Scan, and DRE",
"5508180100","Wisconsin","Town of Tomah (Monroe County)","927","1","Assigned Polling Place","No","Hand marked paper ballots and BMDs","Hand Count, Optical Scan, and DRE",
"5508183450","Wisconsin","Village of Warrens (Monroe County)","315","1","Assigned Polling Place","No","Hand marked paper ballots and DREs with VVPAT","Hand Count, Optical Scan, and DRE",
"5508185125","Wisconsin","Town of Wellington (Monroe County)","313","1","Assigned Polling Place","No","Hand marked paper ballots and BMDs","Hand Count, Optical Scan, and DRE",
"5508185150","Wisconsin","Town of Wells (Monroe County)","365","1","Assigned Polling Place","No","Hand marked paper ballots and BMDs","Hand Count, Optical Scan, and DRE",
"5508187525","Wisconsin","Village of Wilton (Monroe County)","289","1","Assigned Polling Place","No","Hand marked paper ballots and BMDs","Hand Count, Optical Scan, and DRE",
"5508187550","Wisconsin","Town of Wilton (Monroe County)","318","1","Assigned Polling Place","No","Hand marked paper ballots and BMDs","Hand Count, Optical Scan, and DRE",
"5508189275","Wisconsin","Village of Wyeville (Monroe County)","75","1","Assigned Polling Place","No","Hand marked paper ballots and BMDs","Hand Count, Optical Scan, and DRE",
"5508300175","Wisconsin","Town of Abrams (Oconto County)","1410","1","Assigned Polling Place","No","Hand marked paper ballots and BMDs","Hand Count, Optical Scan, and DRE",
"5508304275","Wisconsin","Town of Bagley (Oconto County)","217","1","Assigned Polling Place","No","Hand marked paper ballots and BMDs","Hand Count, Optical Scan, and DRE",
"5508309375","Wisconsin","Town of Brazeau (Oconto County)","1008","1","Assigned Polling Place","No","Hand marked paper ballots and BMDs","Hand Count, Optical Scan, and DRE",
"5508309425","Wisconsin","Town of Breed (Oconto County)","475","1","Assigned Polling Place","No","Hand marked paper ballots and BMDs","Hand Count, Optical Scan, and DRE",
"5508314125","Wisconsin","Town of Chase (Oconto County)","2113","1","Assigned Polling Place","No","Hand marked paper ballots and BMDs","Hand Count, Optical Scan, and DRE",
"5508320475","Wisconsin","Town of Doty (Oconto County)","269","1","Assigned Polling Place","No","Hand marked paper ballots and BMDs","Hand Count, Optical Scan, and DRE",
"5508329050","Wisconsin","City of Gillett (Oconto County)","715","1","Assigned Polling Place","No","Hand marked paper ballots and BMDs","Hand Count, Optical Scan, and DRE",
"5508329075","Wisconsin","Town of Gillett (Oconto County)","696","1","Assigned Polling Place","No","Hand marked paper ballots and BMDs","Hand Count, Optical Scan, and DRE",
"5508335925","Wisconsin","Town of How (Oconto County)","388","1","Assigned Polling Place","No","Hand marked paper ballots and BMDs","Hand Count, Optical Scan, and DRE",
"5508342075","Wisconsin","Town of Lakewood (Oconto County)","680","1","Assigned Polling Place","No","Hand marked paper ballots and BMDs","Hand Count, Optical Scan, and DRE",
"5508343325","Wisconsin","Village of Lena (Oconto County)","320","1","Assigned Polling Place","No","Hand marked paper ballots and BMDs","Hand Count, Optical Scan, and DRE",
"5508343350","Wisconsin","Town of Lena (Oconto County)","480","1","Assigned Polling Place","No","Hand marked paper ballots and BMDs","Hand Count, Optical Scan, and DRE",
"5508345175","Wisconsin","Town of Little River (Oconto County)","668","1","Assigned Polling Place","No","Hand marked paper ballots and BMDs","Hand Count, Optical Scan, and DRE",
"5508345275","Wisconsin","Town of Little Suamico (Oconto County)","3789","1","Assigned Polling Place","No","Hand marked paper ballots and BMDs","Hand Count, Optical Scan, and DRE",
"5508349000","Wisconsin","Town of Maple Valley (Oconto County)","454","1","Assigned Polling Place","No","Hand marked paper ballots and BMDs","Hand Count, Optical Scan, and DRE",
"5508354200","Wisconsin","Town of Morgan (Oconto County)","737","1","Assigned Polling Place","No","Hand marked paper ballots and BMDs","Hand Count, Optical Scan, and DRE",
"5508354630","Wisconsin","Town of Mountain (Oconto County)","656","1","Assigned Polling Place","No","Hand marked paper ballots and BMDs","Hand Count, Optical Scan, and DRE",
"5508359350","Wisconsin","City of Oconto (Oconto County)","2490","1","Assigned Polling Place","No","Hand marked paper ballots and BMDs","Hand Count, Optical Scan, and DRE",
"5508359375","Wisconsin","Town of Oconto (Oconto County)","881","1","Assigned Polling Place","No","Hand marked paper ballots and BMDs","Hand Count, Optical Scan, and DRE",
"5508359400","Wisconsin","City of Oconto Falls (Oconto County)","1605","1","Assigned Polling Place","No","Hand marked paper ballots and BMDs","Hand Count, Optical Scan, and DRE",
"5508359425","Wisconsin","Town of Oconto Falls (Oconto County)","839","1","Assigned Polling Place","No","Hand marked paper ballots and BMDs","Hand Count, Optical Scan, and DRE",
"5508361900","Wisconsin","Town of Pensaukee (Oconto County)","971","1","Assigned Polling Place","No","Hand marked paper ballots and BMDs","Hand Count, Optical Scan, and DRE",
"5508368400","Wisconsin","Town of Riverview (Oconto County)","647","1","Assigned Polling Place","No","Hand marked paper ballots and BMDs","Hand Count, Optical Scan, and DRE",
"5508376450","Wisconsin","Town of Spruce (Oconto County)","586","1","Assigned Polling Place","No","Hand marked paper ballots and BMDs","Hand Count, Optical Scan, and DRE",
"5508377300","Wisconsin","Town of Stiles (Oconto County)","1027","1","Assigned Polling Place","No","Hand marked paper ballots and BMDs","Hand Count, Optical Scan, and DRE",
"5508378725","Wisconsin","Village of Suring (Oconto County)","280","1","Assigned Polling Place","No","Hand marked paper ballots and BMDs","Hand Count, Optical Scan, and DRE",
"5508380325","Wisconsin","Town of Townsend (Oconto County)","862","1","Assigned Polling Place","No","Hand marked paper ballots and BMDs","Hand Count, Optical Scan, and DRE",
"5508381475","Wisconsin","Town of Underhill (Oconto County)","540","1","Assigned Polling Place","No","Hand marked paper ballots and DREs with VVPAT","Hand Count, Optical Scan, and DRE",
"5508513025","Wisconsin","Town of Cassian (Oneida County)","862","1","Assigned Polling Place","No","Hand marked paper ballots and BMDs","Hand Count, Optical Scan, and DRE",
"5508517625","Wisconsin","Town of Crescent (Oneida County)","1504","1","Assigned Polling Place","No","Hand marked paper ballots and BMDs","Hand Count, Optical Scan, and DRE",
"5508524125","Wisconsin","Town of Enterprise (Oneida County)","282","1","Assigned Polling Place","No","Hand marked paper ballots and BMDs","Hand Count, Optical Scan, and DRE",
"5508533575","Wisconsin","Town of Hazelhurst (Oneida County)","1012","1","Assigned Polling Place","No","Hand marked paper ballots and BMDs","Hand Count, Optical Scan, and DRE",
"5508541887","Wisconsin","Town of Lake Tomahawk (Oneida County)","838","1","Assigned Polling Place","No","Hand marked paper ballots and BMDs","Hand Count, Optical Scan, and DRE",
"5508545150","Wisconsin","Town of Little Rice (Oneida County)","285","1","Assigned Polling Place","No","Hand marked paper ballots and BMDs","Hand Count, Optical Scan, and DRE",
"5508546650","Wisconsin","Town of Lynne (Oneida County)","105","1","Assigned Polling Place","No","Hand marked paper ballots and DREs with VVPAT","Hand Count, Optical Scan, and DRE",
"5508553225","Wisconsin","Town of Minocqua (Oneida County)","3957","1","Assigned Polling Place","No","Hand marked paper ballots and BMDs","Hand Count, Optical Scan, and DRE",
"5508553662","Wisconsin","Town of Monico (Oneida County)","203","1","Assigned Polling Place","No","Hand marked paper ballots and BMDs","Hand Count, Optical Scan, and DRE",
"5508556425","Wisconsin","Town of Newbold (Oneida County)","2128","2","Assigned Polling Place","No","Hand marked paper ballots and BMDs","Hand Count, Optical Scan, and DRE",
"5508557450","Wisconsin","Town of Nokomis (Oneida County)","1133","1","Assigned Polling Place","No","Hand marked paper ballots and BMDs","Hand Count, Optical Scan, and DRE",
"5508561625","Wisconsin","Town of Pelican (Oneida County)","1929","1","Assigned Polling Place","No","Hand marked paper ballots and BMDs","Hand Count, Optical Scan, and DRE",
"5508562600","Wisconsin","Town of Piehl (Oneida County)","53","1","Assigned Polling Place","No","Hand marked paper ballots and DREs with VVPAT","Hand Count, Optical Scan, and DRE",
"5508562925","Wisconsin","Town of Pine Lake (Oneida County)","1800","1","Assigned Polling Place","No","Hand marked paper ballots and BMDs","Hand Count, Optical Scan, and DRE",
"5508567200","Wisconsin","City of Rhinelander (Oneida County)","4452","8","Assigned Polling Place","No","Hand marked paper ballots and BMDs","Hand Count, Optical Scan, and DRE",
"5508572125","Wisconsin","Town of Schoepke (Oneida County)","332","1","Assigned Polling Place","No","Hand marked paper ballots and BMDs","Hand Count, Optical Scan, and DRE",
"5508576975","Wisconsin","Town of Stella (Oneida County)","427","1","Assigned Polling Place","No","Hand marked paper ballots and BMDs","Hand Count, Optical Scan, and DRE",
"5508578075","Wisconsin","Town of Sugar Camp (Oneida County)","1400","1","Assigned Polling Place","No","Hand marked paper ballots and BMDs","Hand Count, Optical Scan, and DRE",
"5508579700","Wisconsin","Town of Three Lakes (Oneida County)","1926","1","Assigned Polling Place","No","Hand marked paper ballots and BMDs","Hand Count, Optical Scan, and DRE",
"5508588625","Wisconsin","Town of Woodboro (Oneida County)","645","1","Assigned Polling Place","No","Hand marked paper ballots and BMDs","Hand Count, Optical Scan, and DRE",
"5508588950","Wisconsin","Town of Woodruff (Oneida County)","1519","1","Assigned Polling Place","No","Hand marked paper ballots and BMDs","Hand Count, Optical Scan, and DRE",
"5508702375","Wisconsin","City of Appleton (Outagamie County)","44167","53","Assigned Polling Place","No","Hand marked paper ballots and BMDs","Optical Scan",
"5508705575","Wisconsin","Village of Bear Creek (Outagamie County)","151","1","Assigned Polling Place","No","Hand marked paper ballots and BMDs","Optical Scan",
"5508707725","Wisconsin","Village of Black Creek (Outagamie County)","761","1","Assigned Polling Place","No","Hand marked paper ballots and BMDs","Optical Scan",
"5508707750","Wisconsin","Town of Black Creek (Outagamie County)","850","1","Assigned Polling Place","No","Hand marked paper ballots and BMDs","Optical Scan",
"5508708975","Wisconsin","Town of Bovina (Outagamie County)","811","1","Assigned Polling Place","No","Hand marked paper ballots and BMDs","Optical Scan",
"5508710750","Wisconsin","Town of Buchanan (Outagamie County)","4644","1","Assigned Polling Place","No","Hand marked paper ballots and BMDs","Optical Scan",
"5508713600","Wisconsin","Town of Center (Outagamie County)","2721","1","Assigned Polling Place","No","Hand marked paper ballots and BMDs","Optical Scan",
"5508714750","Wisconsin","Town of Cicero (Outagamie County)","663","1","Assigned Polling Place","No","Hand marked paper ballots and BMDs","Optical Scan",
"5508716500","Wisconsin","Village of Combined Locks (Outagamie County)","2484","1","Assigned Polling Place","No","Hand marked paper ballots and BMDs","Optical Scan",
"5508718525","Wisconsin","Town of Dale (Outagamie County)","2028","1","Assigned Polling Place","No","Hand marked paper ballots and BMDs","Optical Scan",
"5508719200","Wisconsin","Town of Deer Creek (Outagamie County)","355","1","Assigned Polling Place","No","Hand marked paper ballots and BMDs","Optical Scan",
"5508723425","Wisconsin","Town of Ellington (Outagamie County)","2095","1","Assigned Polling Place","No","Hand marked paper ballots and BMDs","Optical Scan",
"5508727650","Wisconsin","Town of Freedom (Outagamie County)","4176","1","Assigned Polling Place","No","Hand marked paper ballots and BMDs","Optical Scan",
"5508730075","Wisconsin","Town of Grand Chute (Outagamie County)","14725","4","Assigned Polling Place","No","Hand marked paper ballots and BMDs","Optical Scan",
"5508731550","Wisconsin","Village of Greenville (Outagamie County)","8549","1","Assigned Polling Place","No","Hand marked paper ballots and BMDs","Optical Scan",
"5508735825","Wisconsin","Town of Hortonia (Outagamie County)","734","1","Assigned Polling Place","No","Hand marked paper ballots and BMDs","Optical Scan",
"5508735850","Wisconsin","Village of Hortonville (Outagamie County)","1961","1","Assigned Polling Place","No","Hand marked paper ballots and BMDs","Optical Scan",
"5508738800","Wisconsin","City of Kaukauna (Outagamie County)","10291","5","Assigned Polling Place","No","Hand marked paper ballots and BMDs","Optical Scan",
"5508738825","Wisconsin","Town of Kaukauna (Outagamie County)","918","1","Assigned Polling Place","No","Hand marked paper ballots and BMDs","Optical Scan",
"5508739650","Wisconsin","Village of Kimberly (Outagamie County)","4753","1","Assigned Polling Place","No","Hand marked paper ballots and BMDs","Optical Scan",
"5508743875","Wisconsin","Town of Liberty (Outagamie County)","569","1","Assigned Polling Place","No","Hand marked paper ballots and BMDs","Optical Scan",
"5508744950","Wisconsin","Village of Little Chute (Outagamie County)","7198","5","Assigned Polling Place","No","Hand marked paper ballots and BMDs","Optical Scan",
"5508748250","Wisconsin","Town of Maine (Outagamie County)","547","1","Assigned Polling Place","No","Hand marked paper ballots and BMDs","Optical Scan",
"5508748775","Wisconsin","Town of Maple Creek (Outagamie County)","388","1","Assigned Polling Place","No","Hand marked paper ballots and BMDs","Optical Scan",
"5508757375","Wisconsin","Village of Nichols (Outagamie County)","136","1","Assigned Polling Place","No","Hand marked paper ballots and BMDs","Optical Scan",
"5508760000","Wisconsin","Town of Oneida (Outagamie County)","2464","1","Assigned Polling Place","No","Hand marked paper ballots and BMDs","Optical Scan",
"5508760400","Wisconsin","Town of Osborn (Outagamie County)","863","1","Assigned Polling Place","No","Hand marked paper ballots and BMDs","Optical Scan",
"5508772725","Wisconsin","City of Seymour (Outagamie County)","2161","1","Assigned Polling Place","No","Hand marked paper ballots and BMDs","Optical Scan",
"5508772750","Wisconsin","Town of Seymour (Outagamie County)","796","2","Assigned Polling Place","No","Hand marked paper ballots and BMDs","Optical Scan",
"5508773625","Wisconsin","Village of Shiocton (Outagamie County)","479","1","Assigned Polling Place","No","Hand marked paper ballots and BMDs","Optical Scan",
"5508782400","Wisconsin","Town of Vandenbroek (Outagamie County)","1198","1","Assigned Polling Place","No","Hand marked paper ballots and BMDs","Optical Scan",
"5508906150","Wisconsin","Village of Belgium (Ozaukee County)","1566","1","Assigned Polling Place","No","Hand marked paper ballots and BMDs","Optical Scan",
"5508906175","Wisconsin","Town of Belgium (Ozaukee County)","1088","1","Assigned Polling Place","No","Hand marked paper ballots and BMDs","Optical Scan",
"5508913375","Wisconsin","City of Cedarburg (Ozaukee County)","9232","7","Assigned Polling Place","No","Hand marked paper ballots and BMDs","Optical Scan",
"5508913400","Wisconsin","Town of Cedarburg (Ozaukee County)","4776","4","Assigned Polling Place","No","Hand marked paper ballots and BMDs","Optical Scan",
"5508927550","Wisconsin","Village of Fredonia (Ozaukee County)","1481","1","Assigned Polling Place","No","Hand marked paper ballots and BMDs","Optical Scan",
"5508927575","Wisconsin","Town of Fredonia (Ozaukee County)","1495","1","Assigned Polling Place","No","Hand marked paper ballots and BMDs","Optical Scan",
"5508930000","Wisconsin","Village of Grafton (Ozaukee County)","8464","8","Assigned Polling Place","No","Hand marked paper ballots and BMDs","Optical Scan",
"5508930025","Wisconsin","Town of Grafton (Ozaukee County)","3246","2","Assigned Polling Place","No","Hand marked paper ballots and BMDs","Optical Scan",
"5508951150","Wisconsin","City of Mequon (Ozaukee County)","18831","13","Assigned Polling Place","No","Hand marked paper ballots and BMDs","Optical Scan",
"5508964450","Wisconsin","City of Port Washington (Ozaukee County)","8355","8","Assigned Polling Place","No","Hand marked paper ballots and BMDs","Optical Scan",
"5508964475","Wisconsin","Town of Port Washington (Ozaukee County)","1133","1","Assigned Polling Place","No","Hand marked paper ballots and BMDs","Optical Scan",
"5508971700","Wisconsin","Village of Saukville (Ozaukee County)","2708","2","Assigned Polling Place","No","Hand marked paper ballots and BMDs","Optical Scan",
"5508971725","Wisconsin","Town of Saukville (Ozaukee County)","1377","1","Assigned Polling Place","No","Hand marked paper ballots and BMDs","Optical Scan",
"5508979475","Wisconsin","Village of Thiensville (Ozaukee County)","2416","2","Assigned Polling Place","No","Hand marked paper ballots and BMDs","Optical Scan",
"5509100800","Wisconsin","Town of Albany (Pepin County)","386","1","Assigned Polling Place","No","Hand marked paper ballots and DREs with VVPAT","Hand Count and DRE",
"5509121225","Wisconsin","City of Durand (Pepin County)","1070","1","Assigned Polling Place","No","Hand marked paper ballots and DREs with VVPAT","Hand Count and DRE",
"5509121250","Wisconsin","Town of Durand (Pepin County)","461","1","Assigned Polling Place","No","Hand marked paper ballots and DREs with VVPAT","Hand Count and DRE",
"5509127175","Wisconsin","Town of Frankfort (Pepin County)","216","1","Assigned Polling Place","No","Hand marked paper ballots and DREs with VVPAT","Hand Count and DRE",
"5509144075","Wisconsin","Town of Lima (Pepin County)","353","1","Assigned Polling Place","No","Hand marked paper ballots and DREs with VVPAT","Hand Count and DRE",
"5509161925","Wisconsin","Village of Pepin (Pepin County)","516","1","Assigned Polling Place","No","Hand marked paper ballots and DREs with VVPAT","Hand Count and DRE",
"5509161950","Wisconsin","Town of Pepin (Pepin County)","489","1","Assigned Polling Place","No","Hand marked paper ballots and DREs with VVPAT","Hand Count and DRE",
"5509177475","Wisconsin","Village of Stockholm (Pepin County)","79","1","Assigned Polling Place","No","Hand marked paper ballots and DREs with VVPAT","Hand Count and DRE",
"5509177500","Wisconsin","Town of Stockholm (Pepin County)","167","1","Assigned Polling Place","No","Hand marked paper ballots and DREs with VVPAT","Hand Count and DRE",
"5509184025","Wisconsin","Town of Waterville (Pepin County)","505","1","Assigned Polling Place","No","Hand marked paper ballots and DREs with VVPAT","Hand Count and DRE",
"5509184100","Wisconsin","Town of Waubeek (Pepin County)","284","1","Assigned Polling Place","No","Hand marked paper ballots and DREs with VVPAT","Hand Count and DRE",
"5509305325","Wisconsin","Village of Bay City (Pierce County)","266","1","Assigned Polling Place","No","Hand marked paper ballots and BMDs","Optical Scan",
"5509315575","Wisconsin","Town of Clifton (Pierce County)","1680","1","Assigned Polling Place","No","Hand marked paper ballots and BMDs","Optical Scan",
"5509320150","Wisconsin","Town of Diamond Bluff (Pierce County)","336","1","Assigned Polling Place","No","Hand marked paper ballots and BMDs","Optical Scan",
"5509323775","Wisconsin","Town of El Paso (Pierce County)","477","1","Assigned Polling Place","No","Hand marked paper ballots and BMDs","Optical Scan",
"5509323525","Wisconsin","Village of Ellsworth (Pierce County)","1822","1","Assigned Polling Place","No","Hand marked paper ballots and BMDs","Optical Scan",
"5509323550","Wisconsin","Town of Ellsworth (Pierce County)","778","1","Assigned Polling Place","No","Hand marked paper ballots and BMDs","Optical Scan",
"5509323700","Wisconsin","Village of Elmwood (Pierce County)","438","1","Assigned Polling Place","No","Hand marked paper ballots and BMDs","Optical Scan",
"5509329150","Wisconsin","Town of Gilman (Pierce County)","679","1","Assigned Polling Place","No","Hand marked paper ballots and BMDs","Optical Scan",
"5509333050","Wisconsin","Town of Hartland (Pierce County)","593","1","Assigned Polling Place","No","Hand marked paper ballots and BMDs","Optical Scan",
"5509337350","Wisconsin","Town of Isabelle (Pierce County)","196","1","Assigned Polling Place","No","Hand marked paper ballots and BMDs","Optical Scan",
"5509348175","Wisconsin","Village of Maiden Rock (Pierce County)","91","1","Assigned Polling Place","No","Hand marked paper ballots and BMDs","Optical Scan",
"5509348200","Wisconsin","Town of Maiden Rock (Pierce County)","426","1","Assigned Polling Place","No","Hand marked paper ballots and BMDs","Optical Scan",
"5509349775","Wisconsin","Town of Martell (Pierce County)","839","1","Assigned Polling Place","No","Hand marked paper ballots and BMDs","Optical Scan",
"5509359025","Wisconsin","Town of Oak Grove (Pierce County)","1699","1","Assigned Polling Place","No","Hand marked paper ballots and BMDs","Optical Scan",
"5509363600","Wisconsin","Village of Plum City (Pierce County)","317","1","Assigned Polling Place","No","Hand marked paper ballots and BMDs","Optical Scan",
"5509365375","Wisconsin","City of Prescott (Pierce County)","2624","1","Assigned Polling Place","No","Hand marked paper ballots and BMDs","Optical Scan",
"5509368275","Wisconsin","City of River Falls (Pierce County)","9166","4","Assigned Polling Place","No","Hand marked paper ballots and BMDs","Optical Scan",
"5509368300","Wisconsin","Town of River Falls (Pierce County)","1645","1","Assigned Polling Place","No","Hand marked paper ballots and BMDs","Optical Scan",
"5509368775","Wisconsin","Town of Rock Elm (Pierce County)","297","1","Assigned Polling Place","No","Hand marked paper ballots and BMDs","Optical Scan",
"5509371150","Wisconsin","Town of Salem (Pierce County)","312","1","Assigned Polling Place","No","Hand marked paper ballots and BMDs","Optical Scan",
"5509376100","Wisconsin","Town of Spring Lake (Pierce County)","413","1","Assigned Polling Place","No","Hand marked paper ballots and BMDs","Optical Scan",
"5509376300","Wisconsin","Village of Spring Valley (Pierce County)","816","2","Assigned Polling Place","No","Hand marked paper ballots and BMDs","Optical Scan",
"5509380550","Wisconsin","Town of Trenton (Pierce County)","1224","1","Assigned Polling Place","No","Hand marked paper ballots and BMDs","Optical Scan",
"5509380700","Wisconsin","Town of Trimbelle (Pierce County)","1137","1","Assigned Polling Place","No","Hand marked paper ballots and BMDs","Optical Scan",
"5509381600","Wisconsin","Town of Union (Pierce County)","383","1","Assigned Polling Place","No","Hand marked paper ballots and BMDs","Optical Scan",
"5509500950","Wisconsin","Town of Alden (Polk County)","2053","1","Assigned Polling Place","No","Hand marked paper ballots and BMDs","Optical Scan",
"5509501725","Wisconsin","City of Amery (Polk County)","1763","1","Assigned Polling Place","No","Hand marked paper ballots and BMDs","Optical Scan",
"5509502350","Wisconsin","Town of Apple River (Polk County)","751","1","Assigned Polling Place","No","Hand marked paper ballots and BMDs","Optical Scan",
"5509504475","Wisconsin","Village of Balsam Lake (Polk County)","535","1","Assigned Polling Place","No","Hand marked paper ballots and BMDs","Optical Scan",
"5509504500","Wisconsin","Town of Balsam Lake (Polk County)","1014","1","Assigned Polling Place","No","Hand marked paper ballots and BMDs","Optical Scan",
"5509505825","Wisconsin","Town of Beaver (Polk County)","567","1","Assigned Polling Place","No","Hand marked paper ballots and BMDs","Optical Scan",
"5509507700","Wisconsin","Town of Black Brook (Polk County)","936","1","Assigned Polling Place","No","Hand marked paper ballots and BMDs","Optical Scan",
"5509508750","Wisconsin","Town of Bone Lake (Polk County)","489","1","Assigned Polling Place","No","Hand marked paper ballots and BMDs","Optical Scan",
"5509513850","Wisconsin","Village of Centuria (Polk County)","412","1","Assigned Polling Place","No","Hand marked paper ballots and BMDs","Optical Scan",
"5509514837","Wisconsin","Town of Clam Falls (Polk County)","374","1","Assigned Polling Place","No","Hand marked paper ballots and BMDs","Optical Scan",
"5509515100","Wisconsin","Village of Clayton (Polk County)","283","1","Assigned Polling Place","No","Hand marked paper ballots and BMDs","Optical Scan",
"5509515125","Wisconsin","Town of Clayton (Polk County)","622","1","Assigned Polling Place","No","Hand marked paper ballots and BMDs","Optical Scan",
"5509515250","Wisconsin","Village of Clear Lake (Polk County)","643","1","Assigned Polling Place","No","Hand marked paper ballots and BMDs","Optical Scan",
"5509515275","Wisconsin","Town of Clear Lake (Polk County)","553","1","Assigned Polling Place","No","Hand marked paper ballots and BMDs","Optical Scan",
"5509520850","Wisconsin","Village of Dresser (Polk County)","541","1","Assigned Polling Place","No","Hand marked paper ballots and BMDs","Optical Scan",
"5509524450","Wisconsin","Town of Eureka (Polk County)","1176","1","Assigned Polling Place","No","Hand marked paper ballots and BMDs","Optical Scan",
"5509525350","Wisconsin","Town of Farmington (Polk County)","1369","1","Assigned Polling Place","No","Hand marked paper ballots and BMDs","Optical Scan",
"5509527500","Wisconsin","Village of Frederic (Polk County)","641","1","Assigned Polling Place","No","Hand marked paper ballots and BMDs","Optical Scan",
"5509528350","Wisconsin","Town of Garfield (Polk County)","1138","1","Assigned Polling Place","No","Hand marked paper ballots and BMDs","Optical Scan",
"5509528725","Wisconsin","Town of Georgetown (Polk County)","732","1","Assigned Polling Place","No","Hand marked paper ballots and BMDs","Optical Scan",
"5509538400","Wisconsin","Town of Johnstown (Polk County)","334","1","Assigned Polling Place","No","Hand marked paper ballots and BMDs","Optical Scan",
"5509541900","Wisconsin","Town of Laketown (Polk County)","706","1","Assigned Polling Place","No","Hand marked paper ballots and BMDs","Optical Scan",
"5509544475","Wisconsin","Town of Lincoln (Polk County)","1591","1","Assigned Polling Place","No","Hand marked paper ballots and BMDs","Optical Scan",
"5509545775","Wisconsin","Town of Lorain (Polk County)","216","1","Assigned Polling Place","No","Hand marked paper ballots and BMDs","Optical Scan",
"5509546200","Wisconsin","Village of Luck (Polk County)","684","1","Assigned Polling Place","No","Hand marked paper ballots and BMDs","Optical Scan",
"5509546225","Wisconsin","Town of Luck (Polk County)","663","1","Assigned Polling Place","No","Hand marked paper ballots and BMDs","Optical Scan",
"5509546900","Wisconsin","Town of McKinley (Polk County)","250","1","Assigned Polling Place","No","Hand marked paper ballots and BMDs","Optical Scan",
"5509552075","Wisconsin","Village of Milltown (Polk County)","516","1","Assigned Polling Place","No","Hand marked paper ballots and BMDs","Optical Scan",
"5509552100","Wisconsin","Town of Milltown (Polk County)","825","1","Assigned Polling Place","No","Hand marked paper ballots and BMDs","Optical Scan",
"5509560450","Wisconsin","Village of Osceola (Polk County)","1754","1","Assigned Polling Place","No","Hand marked paper ballots and BMDs","Optical Scan",
"5509560475","Wisconsin","Town of Osceola (Polk County)","2123","1","Assigned Polling Place","No","Hand marked paper ballots and BMDs","Optical Scan",
"5509570550","Wisconsin","City of St. Croix Falls (Polk County)","1452","1","Assigned Polling Place","No","Hand marked paper ballots and BMDs","Optical Scan",
"5509570575","Wisconsin","Town of St. Croix Falls (Polk County)","784","1","Assigned Polling Place","No","Hand marked paper ballots and BMDs","Optical Scan",
"5509577050","Wisconsin","Town of Sterling (Polk County)","488","1","Assigned Polling Place","No","Hand marked paper ballots and BMDs","Optical Scan",
"5509586350","Wisconsin","Town of West Sweden (Polk County)","486","1","Assigned Polling Place","No","Hand marked paper ballots and BMDs","Optical Scan",
"5509700725","Wisconsin","Town of Alban (Portage County)","588","1","Assigned Polling Place","No","Hand marked paper ballots and BMDs","Hand Count and Optical Scan",
"5509701400","Wisconsin","Village of Almond (Portage County)","223","1","Assigned Polling Place","No","Hand marked paper ballots and BMDs","Hand Count and Optical Scan",
"5509701425","Wisconsin","Town of Almond (Portage County)","473","1","Assigned Polling Place","No","Hand marked paper ballots and BMDs","Hand Count and Optical Scan",
"5509701750","Wisconsin","Village of Amherst (Portage County)","746","1","Assigned Polling Place","No","Hand marked paper ballots and BMDs","Hand Count and Optical Scan",
"5509701775","Wisconsin","Town of Amherst (Portage County)","1039","1","Assigned Polling Place","No","Hand marked paper ballots and BMDs","Hand Count and Optical Scan",
"5509701800","Wisconsin","Village of Amherst Junction (Portage County)","261","1","Assigned Polling Place","No","Hand marked paper ballots and BMDs","Hand Count and Optical Scan",
"5509706475","Wisconsin","Town of Belmont (Portage County)","444","1","Assigned Polling Place","No","Hand marked paper ballots and BMDs","Hand Count and Optical Scan",
"5509710925","Wisconsin","Town of Buena Vista (Portage County)","818","1","Assigned Polling Place","No","Hand marked paper ballots and BMDs","Hand Count and Optical Scan",
"5509712725","Wisconsin","Town of Carson (Portage County)","944","1","Assigned Polling Place","No","Hand marked paper ballots and BMDs","Hand Count and Optical Scan",
"5509719975","Wisconsin","Town of Dewey (Portage County)","718","1","Assigned Polling Place","No","Hand marked paper ballots and BMDs","Hand Count and Optical Scan",
"5509722450","Wisconsin","Town of Eau Pleine (Portage County)","712","1","Assigned Polling Place","No","Hand marked paper ballots and BMDs","Hand Count and Optical Scan",
"5509730350","Wisconsin","Town of Grant (Portage County)","1299","1","Assigned Polling Place","No","Hand marked paper ballots and BMDs","Hand Count and Optical Scan",
"5509736350","Wisconsin","Town of Hull (Portage County)","3836","3","Assigned Polling Place","No","Hand marked paper ballots and BMDs","Hand Count and Optical Scan",
"5509738650","Wisconsin","Village of Junction City (Portage County)","212","1","Assigned Polling Place","No","Hand marked paper ballots and BMDs","Hand Count and Optical Scan",
"5509742225","Wisconsin","Town of Lanark (Portage County)","1106","1","Assigned Polling Place","No","Hand marked paper ballots and BMDs","Hand Count and Optical Scan",
"5509744800","Wisconsin","Town of Linwood (Portage County)","815","1","Assigned Polling Place","No","Hand marked paper ballots and BMDs","Hand Count and Optical Scan",
"5509756000","Wisconsin","Village of Nelsonville (Portage County)","120","1","Assigned Polling Place","No","Hand marked paper ballots and BMDs","Hand Count and Optical Scan",
"5509756850","Wisconsin","Town of New Hope (Portage County)","533","1","Assigned Polling Place","No","Hand marked paper ballots and BMDs","Hand Count and Optical Scan",
"5509761325","Wisconsin","Village of Park Ridge (Portage County)","429","1","Assigned Polling Place","No","Hand marked paper ballots and BMDs","Hand Count and Optical Scan",
"5509762825","Wisconsin","Town of Pine Grove (Portage County)","448","1","Assigned Polling Place","No","Hand marked paper ballots and BMDs","Hand Count and Optical Scan",
"5509763525","Wisconsin","Village of Plover (Portage County)","8573","3","Assigned Polling Place","No","Hand marked paper ballots and BMDs","Hand Count and Optical Scan",
"5509763550","Wisconsin","Town of Plover (Portage County)","972","1","Assigned Polling Place","No","Hand marked paper ballots and BMDs","Hand Count and Optical Scan",
"5509769575","Wisconsin","Village of Rosholt (Portage County)","284","1","Assigned Polling Place","No","Hand marked paper ballots and BMDs","Hand Count and Optical Scan",
"5509772850","Wisconsin","Town of Sharon (Portage County)","1545","1","Assigned Polling Place","No","Hand marked paper ballots and BMDs","Hand Count and Optical Scan",
"5509777200","Wisconsin","City of Stevens Point (Portage County)","15327","11","Assigned Polling Place","No","Hand marked paper ballots and BMDs","Hand Count and Optical Scan",
"5509777537","Wisconsin","Town of Stockton (Portage County)","2101","1","Assigned Polling Place","No","Hand marked paper ballots and BMDs","Hand Count and Optical Scan",
"5509786975","Wisconsin","Village of Whiting (Portage County)","1137","1","Assigned Polling Place","No","Hand marked paper ballots and BMDs","Hand Count and Optical Scan",
"5509913175","Wisconsin","Village of Catawba (Price County)","83","1","Assigned Polling Place","No","Hand marked paper ballots and BMDs","Hand Count, Optical Scan, and DRE",
"5509913200","Wisconsin","Town of Catawba (Price County)","183","1","Assigned Polling Place","No","Hand marked paper ballots and BMDs","Hand Count, Optical Scan, and DRE",
"5509922950","Wisconsin","Town of Eisenstein (Price County)","437","1","Assigned Polling Place","No","Hand marked paper ballots and BMDs","Hand Count, Optical Scan, and DRE",
"5509923200","Wisconsin","Town of Elk (Price County)","729","1","Assigned Polling Place","No","Hand marked paper ballots and BMDs","Hand Count, Optical Scan, and DRE",
"5509923975","Wisconsin","Town of Emery (Price County)","223","1","Assigned Polling Place","No","Hand marked paper ballots and BMDs","Hand Count, Optical Scan, and DRE",
"5509925775","Wisconsin","Town of Fifield (Price County)","692","2","Assigned Polling Place","No","Hand marked paper ballots and BMDs","Hand Count, Optical Scan, and DRE",
"5509926050","Wisconsin","Town of Flambeau (Price County)","404","1","Assigned Polling Place","No","Hand marked paper ballots and BMDs","Hand Count, Optical Scan, and DRE",
"5509928750","Wisconsin","Town of Georgetown (Price County)","98","1","Assigned Polling Place","No","Hand marked paper ballots and BMDs","Hand Count, Optical Scan, and DRE",
"5509931925","Wisconsin","Town of Hackett (Price County)","136","1","Assigned Polling Place","No","Hand marked paper ballots and DREs with VVPAT","Hand Count, Optical Scan, and DRE",
"5509932675","Wisconsin","Town of Harmony (Price County)","150","1","Assigned Polling Place","No","Hand marked paper ballots and BMDs","Hand Count, Optical Scan, and DRE",
"5509934725","Wisconsin","Town of Hill (Price County)","267","1","Assigned Polling Place","No","Hand marked paper ballots and BMDs","Hand Count, Optical Scan, and DRE",
"5509939175","Wisconsin","Village of Kennan (Price County)","89","1","Assigned Polling Place","No","Hand marked paper ballots and BMDs","Hand Count, Optical Scan, and DRE",
"5509939200","Wisconsin","Town of Kennan (Price County)","206","1","Assigned Polling Place","No","Hand marked paper ballots and BMDs","Hand Count, Optical Scan, and DRE",
"5509940175","Wisconsin","Town of Knox (Price County)","228","1","Assigned Polling Place","No","Hand marked paper ballots and BMDs","Hand Count, Optical Scan, and DRE",
"5509941150","Wisconsin","Town of Lake (Price County)","838","1","Assigned Polling Place","No","Hand marked paper ballots and BMDs","Hand Count, Optical Scan, and DRE",
"5509959525","Wisconsin","Town of Ogema (Price County)","468","1","Assigned Polling Place","No","Hand marked paper ballots and BMDs","Hand Count, Optical Scan, and DRE",
"5509961200","Wisconsin","City of Park Falls (Price County)","1269","1","Assigned Polling Place","No","Hand marked paper ballots and BMDs","Hand Count, Optical Scan, and DRE",
"5509962450","Wisconsin","City of Phillips (Price County)","799","1","Assigned Polling Place","No","Hand marked paper ballots and BMDs","Hand Count, Optical Scan, and DRE",
"5509965325","Wisconsin","Village of Prentice (Price County)","342","1","Assigned Polling Place","No","Hand marked paper ballots and BMDs","Hand Count, Optical Scan, and DRE",
"5509965350","Wisconsin","Town of Prentice (Price County)","296","1","Assigned Polling Place","No","Hand marked paper ballots and BMDs","Hand Count, Optical Scan, and DRE",
"5509975525","Wisconsin","Town of Spirit (Price County)","227","1","Assigned Polling Place","No","Hand marked paper ballots and BMDs","Hand Count, Optical Scan, and DRE",
"5509989100","Wisconsin","Town of Worcester (Price County)","1175","1","Assigned Polling Place","No","Hand marked paper ballots and BMDs","Hand Count, Optical Scan, and DRE",
"5510111200","Wisconsin","City of Burlington (Racine County)","6613","4","Assigned Polling Place","No","Hand marked paper ballots and BMDs","Optical Scan",
"5510111225","Wisconsin","Town of Burlington (Racine County)","4359","2","Assigned Polling Place","No","Hand marked paper ballots and BMDs","Optical Scan",
"5510111950","Wisconsin","Village of Caledonia (Racine County)","17981","6","Assigned Polling Place","No","Hand marked paper ballots and BMDs","Optical Scan",
"5510120625","Wisconsin","Town of Dover (Racine County)","2484","1","Assigned Polling Place","No","Hand marked paper ballots and BMDs","Optical Scan",
"5510123725","Wisconsin","Village of Elmwood Park (Racine County)","366","1","Assigned Polling Place","No","Hand marked paper ballots and BMDs","Optical Scan",
"5510154875","Wisconsin","Village of Mount Pleasant (Racine County)","18634","9","Assigned Polling Place","No","Hand marked paper ballots and BMDs","Optical Scan",
"5510157700","Wisconsin","Village of North Bay (Racine County)","174","1","Assigned Polling Place","No","Hand marked paper ballots and BMDs","Optical Scan",
"5510158600","Wisconsin","Town of Norway (Racine County)","5793","1","Assigned Polling Place","No","Hand marked paper ballots and BMDs","Optical Scan",
"5510166000","Wisconsin","City of Racine (Racine County)","37967","49","Assigned Polling Place","No","Hand marked paper ballots and BMDs","Optical Scan",
"5510166375","Wisconsin","Village of Raymond (Racine County)","2942","1","Assigned Polling Place","No","Hand marked paper ballots and BMDs","Optical Scan",
"5510168550","Wisconsin","Village of Rochester (Racine County)","2745","1","Assigned Polling Place","No","Hand marked paper ballots and BMDs","Optical Scan",
"5510177925","Wisconsin","Village of Sturtevant (Racine County)","3088","1","Assigned Polling Place","No","Hand marked paper ballots and BMDs","Optical Scan",
"5510181775","Wisconsin","Village of Union Grove (Racine County)","2972","1","Assigned Polling Place","No","Hand marked paper ballots and BMDs","Optical Scan",
"5510183825","Wisconsin","Village of Waterford (Racine County)","3898","1","Assigned Polling Place","No","Hand marked paper ballots and BMDs","Optical Scan",
"5510183850","Wisconsin","Town of Waterford (Racine County)","4679","2","Assigned Polling Place","No","Hand marked paper ballots and BMDs","Optical Scan",
"5510187700","Wisconsin","Village of Wind Point (Racine County)","1437","1","Assigned Polling Place","No","Hand marked paper ballots and BMDs","Optical Scan",
"5510189575","Wisconsin","Village of Yorkville (Racine County)","2308","1","Assigned Polling Place","No","Hand marked paper ballots and BMDs","Optical Scan",
"5510300675","Wisconsin","Town of Akan (Richland County)","271","1","Assigned Polling Place","No","Hand marked paper ballots and DREs with VVPAT","Hand Count, Optical Scan, and DRE",
"5510308175","Wisconsin","Town of Bloom (Richland County)","288","1","Assigned Polling Place","No","Hand marked paper ballots and BMDs","Hand Count, Optical Scan, and DRE",
"5510308600","Wisconsin","Village of Boaz (Richland County)","75","1","Assigned Polling Place","No","Hand marked paper ballots and DREs with VVPAT","Hand Count, Optical Scan, and DRE",
"5510310950","Wisconsin","Town of Buena Vista (Richland County)","976","1","Assigned Polling Place","No","Hand marked paper ballots and BMDs","Hand Count, Optical Scan, and DRE",
"5510313300","Wisconsin","Village of Cazenovia (Richland County)","206","2","Assigned Polling Place","No","Hand marked paper ballots and BMDs","Hand Count, Optical Scan, and DRE",
"5510319000","Wisconsin","Town of Dayton (Richland County)","441","1","Assigned Polling Place","No","Hand marked paper ballots and BMDs","Hand Count, Optical Scan, and DRE",
"5510321400","Wisconsin","Town of Eagle (Richland County)","298","1","Assigned Polling Place","No","Hand marked paper ballots and BMDs","Hand Count, Optical Scan, and DRE",
"5510326475","Wisconsin","Town of Forest (Richland County)","225","1","Assigned Polling Place","No","Hand marked paper ballots and BMDs","Hand Count, Optical Scan, and DRE",
"5510333925","Wisconsin","Town of Henrietta (Richland County)","286","1","Assigned Polling Place","No","Hand marked paper ballots and BMDs","Hand Count, Optical Scan, and DRE",
"5510337500","Wisconsin","Town of Ithaca (Richland County)","377","1","Assigned Polling Place","No","Hand marked paper ballots and BMDs","Hand Count, Optical Scan, and DRE",
"5510345575","Wisconsin","Village of Lone Rock (Richland County)","511","1","Assigned Polling Place","No","Hand marked paper ballots and BMDs","Hand Count, Optical Scan, and DRE",
"5510349600","Wisconsin","Town of Marshall (Richland County)","335","1","Assigned Polling Place","No","Hand marked paper ballots and BMDs","Hand Count, Optical Scan, and DRE",
"5510360350","Wisconsin","Town of Orion (Richland County)","340","1","Assigned Polling Place","No","Hand marked paper ballots and BMDs","Hand Count, Optical Scan, and DRE",
"5510367575","Wisconsin","Town of Richland (Richland County)","752","1","Assigned Polling Place","No","Hand marked paper ballots and BMDs","Hand Count, Optical Scan, and DRE",
"5510367625","Wisconsin","City of Richland Center  (Richland County)","2736","14","Assigned Polling Place","No","Hand marked paper ballots and BMDs","Hand Count, Optical Scan, and DRE",
"5510367775","Wisconsin","Town of Richwood (Richland County)","315","1","Assigned Polling Place","No","Hand marked paper ballots and BMDs","Hand Count, Optical Scan, and DRE",
"5510368675","Wisconsin","Town of Rockbridge (Richland County)","445","1","Assigned Polling Place","No","Hand marked paper ballots and DREs with VVPAT","Hand Count, Optical Scan, and DRE",
"5510378825","Wisconsin","Town of Sylvan (Richland County)","256","1","Assigned Polling Place","No","Hand marked paper ballots and DREs with VVPAT","Hand Count, Optical Scan, and DRE",
"5510382900","Wisconsin","Village of Viola (Richland County)","381","2","Assigned Polling Place","No","Hand marked paper ballots and BMDs","Hand Count, Optical Scan, and DRE",
"5510385675","Wisconsin","Town of Westford (Richland County)","312","1","Assigned Polling Place","No","Hand marked paper ballots and DREs with VVPAT","Hand Count, Optical Scan, and DRE",
"5510387250","Wisconsin","Town of Willow (Richland County)","295","1","Assigned Polling Place","No","Hand marked paper ballots and BMDs","Hand Count, Optical Scan, and DRE",
"5510389625","Wisconsin","Village of Yuba (Richland County)","42","1","Assigned Polling Place","No","Hand marked paper ballots and DREs with VVPAT","Hand Count, Optical Scan, and DRE",
"5510504100","Wisconsin","Town of Avon (Rock County)","394","1","Assigned Polling Place","No","Hand marked paper ballots and BMDs","Optical Scan",
"5510506500","Wisconsin","City of Beloit (Rock County)","17057","31","Assigned Polling Place","No","Hand marked paper ballots and BMDs","Optical Scan",
"5510506525","Wisconsin","Town of Beloit (Rock County)","5070","7","Assigned Polling Place","No","Hand marked paper ballots and BMDs","Optical Scan",
"5510509175","Wisconsin","Town of Bradford (Rock County)","659","1","Assigned Polling Place","No","Hand marked paper ballots and BMDs","Optical Scan",
"5510513625","Wisconsin","Town of Center (Rock County)","768","1","Assigned Polling Place","No","Hand marked paper ballots and BMDs","Optical Scan",
"5510515625","Wisconsin","Village of Clinton (Rock County)","1192","1","Assigned Polling Place","No","Hand marked paper ballots and BMDs","Optical Scan",
"5510515650","Wisconsin","Town of Clinton (Rock County)","568","1","Assigned Polling Place","No","Hand marked paper ballots and BMDs","Optical Scan",
"5510522575","Wisconsin","City of Edgerton (Rock County)","3650","2","Assigned Polling Place","No","Hand marked paper ballots and BMDs","Optical Scan",
"5510524550","Wisconsin","City of Evansville (Rock County)","3588","1","Assigned Polling Place","No","Hand marked paper ballots and BMDs","Optical Scan",
"5510526400","Wisconsin","Village of Footville (Rock County)","570","1","Assigned Polling Place","No","Hand marked paper ballots and BMDs","Optical Scan",
"5510528075","Wisconsin","Town of Fulton (Rock County)","2648","1","Assigned Polling Place","No","Hand marked paper ballots and BMDs","Optical Scan",
"5510532700","Wisconsin","Town of Harmony (Rock County)","1883","1","Assigned Polling Place","No","Hand marked paper ballots and BMDs","Optical Scan",
"5510537825","Wisconsin","City of Janesville (Rock County)","39128","37","Assigned Polling Place","No","Hand marked paper ballots and BMDs","Optical Scan",
"5510537850","Wisconsin","Town of Janesville (Rock County)","2735","2","Assigned Polling Place","No","Hand marked paper ballots and BMDs","Optical Scan",
"5510538450","Wisconsin","Town of Johnstown (Rock County)","513","1","Assigned Polling Place","No","Hand marked paper ballots and BMDs","Optical Scan",
"5510542575","Wisconsin","Town of La Prairie (Rock County)","526","2","Assigned Polling Place","No","Hand marked paper ballots and BMDs","Optical Scan",
"5510544125","Wisconsin","Town of Lima (Rock County)","742","1","Assigned Polling Place","No","Hand marked paper ballots and BMDs","Optical Scan",
"5510548150","Wisconsin","Town of Magnolia (Rock County)","468","1","Assigned Polling Place","No","Hand marked paper ballots and BMDs","Optical Scan",
"5510552200","Wisconsin","City of Milton (Rock County)","3777","1","Assigned Polling Place","No","Hand marked paper ballots and BMDs","Optical Scan",
"5510552225","Wisconsin","Town of Milton (Rock County)","2241","1","Assigned Polling Place","No","Hand marked paper ballots and BMDs","Optical Scan",
"5510556325","Wisconsin","Town of Newark (Rock County)","1106","1","Assigned Polling Place","No","Hand marked paper ballots and BMDs","Optical Scan",
"5510560250","Wisconsin","Village of Orfordville (Rock County)","896","1","Assigned Polling Place","No","Hand marked paper ballots and BMDs","Optical Scan",
"5510563675","Wisconsin","Town of Plymouth (Rock County)","836","2","Assigned Polling Place","No","Hand marked paper ballots and BMDs","Optical Scan",
"5510564225","Wisconsin","Town of Porter (Rock County)","714","1","Assigned Polling Place","No","Hand marked paper ballots and BMDs","Optical Scan",
"5510568600","Wisconsin","Town of Rock (Rock County)","1769","3","Assigned Polling Place","No","Hand marked paper ballots and BMDs","Optical Scan",
"5510576325","Wisconsin","Town of Spring Valley (Rock County)","488","1","Assigned Polling Place","No","Hand marked paper ballots and BMDs","Optical Scan",
"5510581050","Wisconsin","Town of Turtle (Rock County)","1749","2","Assigned Polling Place","No","Hand marked paper ballots and BMDs","Optical Scan",
"5510581650","Wisconsin","Town of Union (Rock County)","1425","1","Assigned Polling Place","No","Hand marked paper ballots and BMDs","Optical Scan",
"5510703600","Wisconsin","Town of Atlanta (Rusk County)","391","1","Assigned Polling Place","No","Hand marked paper ballots and BMDs","Hand Count and Optical Scan",
"5510707175","Wisconsin","Town of Big Bend (Rusk County)","355","1","Assigned Polling Place","No","Hand marked paper ballots and BMDs","Hand Count and Optical Scan",
"5510707225","Wisconsin","Town of Big Falls (Rusk County)","100","1","Assigned Polling Place","No","Hand marked paper ballots and BMDs","Hand Count and Optical Scan",
"5510710500","Wisconsin","Village of Bruce (Rusk County)","450","1","Assigned Polling Place","No","Hand marked paper ballots and BMDs","Hand Count and Optical Scan",
"5510713550","Wisconsin","Town of Cedar Rapids (Rusk County)","33","1","Assigned Polling Place","No","Hand marked paper ballots and BMDs","Hand Count and Optical Scan",
"5510716775","Wisconsin","Village of Conrath (Rusk County)","40","1","Assigned Polling Place","No","Hand marked paper ballots and BMDs","Hand Count and Optical Scan",
"5510720000","Wisconsin","Town of Dewey (Rusk County)","367","1","Assigned Polling Place","No","Hand marked paper ballots and BMDs","Hand Count and Optical Scan",
"5510726100","Wisconsin","Town of Flambeau (Rusk County)","652","1","Assigned Polling Place","No","Hand marked paper ballots and BMDs","Hand Count and Optical Scan",
"5510729475","Wisconsin","Village of Glen Flora (Rusk County)","50","1","Assigned Polling Place","No","Hand marked paper ballots and BMDs","Hand Count and Optical Scan",
"5510730375","Wisconsin","Town of Grant (Rusk County)","439","1","Assigned Polling Place","No","Hand marked paper ballots and BMDs","Hand Count and Optical Scan",
"5510731775","Wisconsin","Town of Grow (Rusk County)","240","1","Assigned Polling Place","No","Hand marked paper ballots and BMDs","Hand Count and Optical Scan",
"5510733275","Wisconsin","Village of Hawkins (Rusk County)","189","1","Assigned Polling Place","No","Hand marked paper ballots and BMDs","Hand Count and Optical Scan",
"5510733300","Wisconsin","Town of Hawkins (Rusk County)","77","1","Assigned Polling Place","No","Hand marked paper ballots and BMDs","Hand Count and Optical Scan",
"5510736125","Wisconsin","Town of Hubbard (Rusk County)","120","1","Assigned Polling Place","No","Hand marked paper ballots and BMDs","Hand Count and Optical Scan",
"5510736925","Wisconsin","Village of Ingram (Rusk County)","48","1","Assigned Polling Place","No","Hand marked paper ballots and BMDs","Hand Count and Optical Scan",
"5510740850","Wisconsin","City of Ladysmith (Rusk County)","1638","1","Assigned Polling Place","No","Hand marked paper ballots and BMDs","Hand Count and Optical Scan",
"5510742950","Wisconsin","Town of Lawrence (Rusk County)","186","1","Assigned Polling Place","No","Hand marked paper ballots and BMDs","Hand Count and Optical Scan",
"5510749625","Wisconsin","Town of Marshall (Rusk County)","273","1","Assigned Polling Place","No","Hand marked paper ballots and BMDs","Hand Count and Optical Scan",
"5510755175","Wisconsin","Town of Murry (Rusk County)","141","1","Assigned Polling Place","No","Hand marked paper ballots and BMDs","Hand Count and Optical Scan",
"5510767600","Wisconsin","Town of Richland (Rusk County)","134","1","Assigned Polling Place","No","Hand marked paper ballots and BMDs","Hand Count and Optical Scan",
"5510770275","Wisconsin","Town of Rusk (Rusk County)","411","1","Assigned Polling Place","No","Hand marked paper ballots and BMDs","Hand Count and Optical Scan",
"5510773175","Wisconsin","Village of Sheldon (Rusk County)","142","1","Assigned Polling Place","No","Hand marked paper ballots and BMDs","Hand Count and Optical Scan",
"5510774975","Wisconsin","Town of South Fork (Rusk County)","89","1","Assigned Polling Place","No","Hand marked paper ballots and BMDs","Hand Count and Optical Scan",
"5510777775","Wisconsin","Town of Strickland (Rusk County)","192","1","Assigned Polling Place","No","Hand marked paper ballots and BMDs","Hand Count and Optical Scan",
"5510777850","Wisconsin","Town of Stubbs (Rusk County)","369","1","Assigned Polling Place","No","Hand marked paper ballots and BMDs","Hand Count and Optical Scan",
"5510779575","Wisconsin","Town of Thornapple (Rusk County)","494","1","Assigned Polling Place","No","Hand marked paper ballots and BMDs","Hand Count and Optical Scan",
"5510780225","Wisconsin","Village of Tony (Rusk County)","70","1","Assigned Polling Place","No","Hand marked paper ballots and BMDs","Hand Count and Optical Scan",
"5510780950","Wisconsin","Town of True (Rusk County)","173","1","Assigned Polling Place","No","Hand marked paper ballots and BMDs","Hand Count and Optical Scan",
"5510783675","Wisconsin","Town of Washington (Rusk County)","270","1","Assigned Polling Place","No","Hand marked paper ballots and BMDs","Hand Count and Optical Scan",
"5510786450","Wisconsin","Village of Weyerhaeuser (Rusk County)","137","1","Assigned Polling Place","No","Hand marked paper ballots and BMDs","Hand Count and Optical Scan",
"5510787125","Wisconsin","Town of Wilkinson (Rusk County)","45","1","Assigned Polling Place","No","Hand marked paper ballots and BMDs","Hand Count and Optical Scan",
"5510787175","Wisconsin","Town of Willard (Rusk County)","317","1","Assigned Polling Place","No","Hand marked paper ballots and BMDs","Hand Count and Optical Scan",
"5510787450","Wisconsin","Town of Wilson (Rusk County)","89","1","Assigned Polling Place","No","Hand marked paper ballots and BMDs","Hand Count and Optical Scan",
"5511104625","Wisconsin","City of Baraboo (Sauk County)","7242","1","Assigned Polling Place","No","Hand marked paper ballots and BMDs","Optical Scan",
"5511104650","Wisconsin","Town of Baraboo (Sauk County)","1253","1","Assigned Polling Place","No","Hand marked paper ballots and BMDs","Optical Scan",
"5511105600","Wisconsin","Town of Bear Creek (Sauk County)","390","1","Assigned Polling Place","No","Hand marked paper ballots and BMDs","Optical Scan",
"5511119550","Wisconsin","Town of Dellona (Sauk County)","1239","1","Assigned Polling Place","No","Hand marked paper ballots and BMDs","Optical Scan",
"5511119675","Wisconsin","Town of Delton (Sauk County)","1536","2","Assigned Polling Place","No","Hand marked paper ballots and BMDs","Optical Scan",
"5511124675","Wisconsin","Town of Excelsior (Sauk County)","1120","1","Assigned Polling Place","No","Hand marked paper ballots and BMDs","Optical Scan",
"5511124900","Wisconsin","Town of Fairfield (Sauk County)","795","1","Assigned Polling Place","No","Hand marked paper ballots and BMDs","Optical Scan",
"5511127350","Wisconsin","Town of Franklin (Sauk County)","454","1","Assigned Polling Place","No","Hand marked paper ballots and BMDs","Optical Scan",
"5511127675","Wisconsin","Town of Freedom (Sauk County)","317","1","Assigned Polling Place","No","Hand marked paper ballots and BMDs","Optical Scan",
"5511131250","Wisconsin","Town of Greenfield (Sauk County)","717","1","Assigned Polling Place","No","Hand marked paper ballots and BMDs","Optical Scan",
"5511135625","Wisconsin","Town of Honey Creek (Sauk County)","502","2","Assigned Polling Place","No","Hand marked paper ballots and BMDs","Optical Scan",
"5511137225","Wisconsin","Village of Ironton (Sauk County)","143","1","Assigned Polling Place","No","Hand marked paper ballots and BMDs","Optical Scan",
"5511137250","Wisconsin","Town of Ironton (Sauk County)","324","2","Assigned Polling Place","No","Hand marked paper ballots and BMDs","Optical Scan",
"5511142825","Wisconsin","Village of La Valle (Sauk County)","201","1","Assigned Polling Place","No","Hand marked paper ballots and BMDs","Optical Scan",
"5511142850","Wisconsin","Town of La Valle (Sauk County)","1092","1","Assigned Polling Place","No","Hand marked paper ballots and BMDs","Optical Scan",
"5511141300","Wisconsin","Village of Lake Delton (Sauk County)","1624","2","Assigned Polling Place","No","Hand marked paper ballots and BMDs","Optical Scan",
"5511144225","Wisconsin","Village of Lime Ridge (Sauk County)","105","1","Assigned Polling Place","No","Hand marked paper ballots and BMDs","Optical Scan",
"5511145400","Wisconsin","Village of Loganville (Sauk County)","174","1","Assigned Polling Place","No","Hand marked paper ballots and BMDs","Optical Scan",
"5511151325","Wisconsin","Village of Merrimac (Sauk County)","361","1","Assigned Polling Place","No","Hand marked paper ballots and BMDs","Optical Scan",
"5511151350","Wisconsin","Town of Merrimac (Sauk County)","921","1","Assigned Polling Place","No","Hand marked paper ballots and BMDs","Optical Scan",
"5511158025","Wisconsin","Village of North Freedom (Sauk County)","327","1","Assigned Polling Place","No","Hand marked paper ballots and BMDs","Optical Scan",
"5511163125","Wisconsin","Village of Plain (Sauk County)","500","1","Assigned Polling Place","No","Hand marked paper ballots and BMDs","Optical Scan",
"5511165100","Wisconsin","Village of Prairie du Sac (Sauk County)","2859","1","Assigned Polling Place","No","Hand marked paper ballots and BMDs","Optical Scan",
"5511165125","Wisconsin","Town of Prairie du Sac (Sauk County)","763","1","Assigned Polling Place","No","Hand marked paper ballots and BMDs","Optical Scan",
"5511166800","Wisconsin","City of Reedsburg (Sauk County)","5537","1","Assigned Polling Place","No","Hand marked paper ballots and BMDs","Optical Scan",
"5511166825","Wisconsin","Town of Reedsburg (Sauk County)","759","1","Assigned Polling Place","No","Hand marked paper ballots and BMDs","Optical Scan",
"5511168975","Wisconsin","Village of Rock Springs (Sauk County)","200","1","Assigned Polling Place","No","Hand marked paper ballots and BMDs","Optical Scan",
"5511171650","Wisconsin","Village of Sauk City (Sauk County)","2354","1","Assigned Polling Place","No","Hand marked paper ballots and BMDs","Optical Scan",
"5511176025","Wisconsin","Village of Spring Green (Sauk County)","1134","1","Assigned Polling Place","No","Hand marked paper ballots and BMDs","Optical Scan",
"5511176050","Wisconsin","Town of Spring Green (Sauk County)","1337","1","Assigned Polling Place","No","Hand marked paper ballots and BMDs","Optical Scan",
"5511178525","Wisconsin","Town of Sumpter (Sauk County)","504","1","Assigned Polling Place","No","Hand marked paper ballots and BMDs","Optical Scan",
"5511180825","Wisconsin","Town of Troy (Sauk County)","528","2","Assigned Polling Place","No","Hand marked paper ballots and BMDs","Optical Scan",
"5511183700","Wisconsin","Town of Washington (Sauk County)","434","1","Assigned Polling Place","No","Hand marked paper ballots and BMDs","Optical Scan",
"5511185325","Wisconsin","Village of West Baraboo (Sauk County)","908","1","Assigned Polling Place","No","Hand marked paper ballots and BMDs","Optical Scan",
"5511185625","Wisconsin","Town of Westfield (Sauk County)","344","1","Assigned Polling Place","No","Hand marked paper ballots and BMDs","Optical Scan",
"5511187775","Wisconsin","Town of Winfield (Sauk County)","599","1","Assigned Polling Place","No","Hand marked paper ballots and BMDs","Optical Scan",
"5511188775","Wisconsin","Town of Woodland (Sauk County)","475","1","Assigned Polling Place","No","Hand marked paper ballots and BMDs","Optical Scan",
"5511305200","Wisconsin","Town of Bass Lake (Sawyer County)","1661","1","Assigned Polling Place","No","Hand marked paper ballots and BMDs","Hand Count, Optical Scan, and DRE",
"5511317225","Wisconsin","Village of Couderay (Sawyer County)","75","1","Assigned Polling Place","No","Hand marked paper ballots and DREs with VVPAT","Hand Count, Optical Scan, and DRE",
"5511317250","Wisconsin","Town of Couderay (Sawyer County)","212","1","Assigned Polling Place","No","Hand marked paper ballots and DREs with VVPAT","Hand Count, Optical Scan, and DRE",
"5511320825","Wisconsin","Town of Draper (Sawyer County)","174","1","Assigned Polling Place","No","Hand marked paper ballots and DREs with VVPAT","Hand Count, Optical Scan, and DRE",
"5511322625","Wisconsin","Town of Edgewater (Sawyer County)","436","1","Assigned Polling Place","No","Hand marked paper ballots and BMDs","Hand Count, Optical Scan, and DRE",
"5511324700","Wisconsin","Village of Exeland (Sawyer County)","105","1","Assigned Polling Place","No","Hand marked paper ballots and DREs with VVPAT","Hand Count, Optical Scan, and DRE",
"5511333450","Wisconsin","City of Hayward (Sawyer County)","1362","1","Assigned Polling Place","No","Hand marked paper ballots and BMDs","Hand Count, Optical Scan, and DRE",
"5511333475","Wisconsin","Town of Hayward (Sawyer County)","2347","1","Assigned Polling Place","No","Hand marked paper ballots and DREs with VVPAT","Hand Count, Optical Scan, and DRE",
"5511336450","Wisconsin","Town of Hunter (Sawyer County)","506","1","Assigned Polling Place","No","Hand marked paper ballots and BMDs","Hand Count, Optical Scan, and DRE",
"5511343400","Wisconsin","Town of Lenroot (Sawyer County)","1043","1","Assigned Polling Place","No","Hand marked paper ballots and BMDs","Hand Count, Optical Scan, and DRE",
"5511350300","Wisconsin","Town of Meadowbrook (Sawyer County)","102","1","Assigned Polling Place","No","Hand marked paper ballots and DREs with VVPAT","Hand Count, Optical Scan, and DRE",
"5511351425","Wisconsin","Town of Meteor (Sawyer County)","111","1","Assigned Polling Place","No","Hand marked paper ballots and BMDs","Hand Count, Optical Scan, and DRE",
"5511359600","Wisconsin","Town of Ojibwa (Sawyer County)","231","1","Assigned Polling Place","No","Hand marked paper ballots and DREs with VVPAT","Hand Count, Optical Scan, and DRE",
"5511366050","Wisconsin","Village of Radisson (Sawyer County)","95","1","Assigned Polling Place","No","Hand marked paper ballots and DREs with VVPAT","Hand Count, Optical Scan, and DRE",
"5511366075","Wisconsin","Town of Radisson (Sawyer County)","305","1","Assigned Polling Place","No","Hand marked paper ballots and DREs with VVPAT","Hand Count, Optical Scan, and DRE",
"5511369750","Wisconsin","Town of Round Lake (Sawyer County)","904","1","Assigned Polling Place","No","Hand marked paper ballots and BMDs","Hand Count, Optical Scan, and DRE",
"5511371500","Wisconsin","Town of Sand Lake (Sawyer County)","721","1","Assigned Polling Place","No","Hand marked paper ballots and BMDs","Hand Count, Optical Scan, and DRE",
"5511375450","Wisconsin","Town of Spider Lake (Sawyer County)","375","1","Assigned Polling Place","No","Hand marked paper ballots and BMDs","Hand Count, Optical Scan, and DRE",
"5511385100","Wisconsin","Town of Weirgor (Sawyer County)","239","1","Assigned Polling Place","No","Hand marked paper ballots and DREs with VVPAT","Hand Count, Optical Scan, and DRE",
"5511387975","Wisconsin","Village of Winter (Sawyer County)","180","1","Assigned Polling Place","No","Hand marked paper ballots and DREs with VVPAT","Hand Count, Optical Scan, and DRE",
"5511388000","Wisconsin","Town of Winter (Sawyer County)","709","1","Assigned Polling Place","No","Hand marked paper ballots and BMDs","Hand Count, Optical Scan, and DRE",
"5511501375","Wisconsin","Town of Almon (Shawano County)","372","1","Assigned Polling Place","No","Hand marked paper ballots and DREs with VVPAT","Hand Count, Optical Scan, and DRE",
"5511501975","Wisconsin","Town of Angelica (Shawano County)","1231","1","Assigned Polling Place","No","Hand marked paper ballots and BMDs","Hand Count, Optical Scan, and DRE",
"5511502075","Wisconsin","Village of Aniwa (Shawano County)","137","1","Assigned Polling Place","No","Hand marked paper ballots and BMDs","Hand Count, Optical Scan, and DRE",
"5511502100","Wisconsin","Town of Aniwa (Shawano County)","332","1","Assigned Polling Place","No","Hand marked paper ballots and DREs with VVPAT","Hand Count, Optical Scan, and DRE",
"5511505000","Wisconsin","Town of Bartelme (Shawano County)","420","1","Assigned Polling Place","No","Hand marked paper ballots and DREs with VVPAT","Hand Count, Optical Scan, and DRE",
"5511506275","Wisconsin","Town of Belle Plaine (Shawano County)","1216","1","Assigned Polling Place","No","Hand marked paper ballots and BMDs","Hand Count, Optical Scan, and DRE",
"5511507600","Wisconsin","Village of Birnamwood (Shawano County)","421","2","Assigned Polling Place","No","Hand marked paper ballots and BMDs","Hand Count, Optical Scan, and DRE",
"5511507625","Wisconsin","Town of Birnamwood (Shawano County)","442","1","Assigned Polling Place","No","Hand marked paper ballots and BMDs","Hand Count, Optical Scan, and DRE",
"5511508725","Wisconsin","Village of Bonduel (Shawano County)","902","1","Assigned Polling Place","No","Hand marked paper ballots and BMDs","Hand Count, Optical Scan, and DRE",
"5511509025","Wisconsin","Village of Bowler (Shawano County)","153","1","Assigned Polling Place","No","Hand marked paper ballots and DREs with VVPAT","Hand Count, Optical Scan, and DRE",
"5511513325","Wisconsin","Village of Cecil (Shawano County)","386","1","Assigned Polling Place","No","Hand marked paper ballots and BMDs","Hand Count, Optical Scan, and DRE",
"5511522975","Wisconsin","Village of Eland (Shawano County)","146","1","Assigned Polling Place","No","Hand marked paper ballots and BMDs","Hand Count, Optical Scan, and DRE",
"5511524775","Wisconsin","Town of Fairbanks (Shawano County)","395","1","Assigned Polling Place","No","Hand marked paper ballots and DREs with VVPAT","Hand Count, Optical Scan, and DRE",
"5511528825","Wisconsin","Town of Germania (Shawano County)","216","1","Assigned Polling Place","No","Hand marked paper ballots and DREs with VVPAT","Hand Count, Optical Scan, and DRE",
"5511530400","Wisconsin","Town of Grant (Shawano County)","581","1","Assigned Polling Place","No","Hand marked paper ballots and BMDs","Hand Count, Optical Scan, and DRE",
"5511531500","Wisconsin","Town of Green Valley (Shawano County)","676","1","Assigned Polling Place","No","Hand marked paper ballots and DREs with VVPAT","Hand Count, Optical Scan, and DRE",
"5511531675","Wisconsin","Village of Gresham (Shawano County)","330","1","Assigned Polling Place","No","Hand marked paper ballots and DREs with VVPAT","Hand Count, Optical Scan, and DRE",
"5511533075","Wisconsin","Town of Hartland (Shawano County)","494","1","Assigned Polling Place","No","Hand marked paper ballots and BMDs","Hand Count, Optical Scan, and DRE",
"5511534025","Wisconsin","Town of Herman (Shawano County)","478","1","Assigned Polling Place","No","Hand marked paper ballots and BMDs","Hand Count, Optical Scan, and DRE",
"5511536700","Wisconsin","Town of Hutchins (Shawano County)","337","1","Assigned Polling Place","No","Hand marked paper ballots and BMDs","Hand Count, Optical Scan, and DRE",
"5511543675","Wisconsin","Town of Lessor (Shawano County)","860","1","Assigned Polling Place","No","Hand marked paper ballots and BMDs","Hand Count, Optical Scan, and DRE",
"5511548900","Wisconsin","Town of Maple Grove (Shawano County)","610","1","Assigned Polling Place","No","Hand marked paper ballots and BMDs","Hand Count, Optical Scan, and DRE",
"5511550000","Wisconsin","Village of Mattoon (Shawano County)","193","1","Assigned Polling Place","No","Hand marked paper ballots and DREs with VVPAT","Hand Count, Optical Scan, and DRE",
"5511554250","Wisconsin","Town of Morris (Shawano County)","272","1","Assigned Polling Place","No","Hand marked paper ballots and BMDs","Hand Count, Optical Scan, and DRE",
"5511555675","Wisconsin","Town of Navarino (Shawano County)","291","1","Assigned Polling Place","No","Hand marked paper ballots and BMDs","Hand Count, Optical Scan, and DRE",
"5511561700","Wisconsin","Town of Pella (Shawano County)","580","1","Assigned Polling Place","No","Hand marked paper ballots and DREs with VVPAT","Hand Count, Optical Scan, and DRE",
"5511566750","Wisconsin","Town of Red Springs (Shawano County)","593","1","Assigned Polling Place","No","Hand marked paper ballots and DREs with VVPAT","Hand Count, Optical Scan, and DRE",
"5511567675","Wisconsin","Town of Richmond (Shawano County)","1269","1","Assigned Polling Place","No","Hand marked paper ballots and BMDs","Hand Count, Optical Scan, and DRE",
"5511572550","Wisconsin","Town of Seneca (Shawano County)","329","1","Assigned Polling Place","No","Hand marked paper ballots and DREs with VVPAT","Hand Count, Optical Scan, and DRE",
"5511572925","Wisconsin","City of Shawano (Shawano County)","4786","6","Assigned Polling Place","No","Hand marked paper ballots and DREs with VVPAT","Hand Count, Optical Scan, and DRE",
"5511579825","Wisconsin","Village of Tigerton (Shawano County)","412","1","Assigned Polling Place","No","Hand marked paper ballots and BMDs","Hand Count, Optical Scan, and DRE",
"5511583725","Wisconsin","Town of Washington (Shawano County)","1264","1","Assigned Polling Place","No","Hand marked paper ballots and DREs with VVPAT","Hand Count, Optical Scan, and DRE",
"5511584225","Wisconsin","Town of Waukechon (Shawano County)","653","1","Assigned Polling Place","No","Hand marked paper ballots and DREs with VVPAT","Hand Count, Optical Scan, and DRE",
"5511585275","Wisconsin","Town of Wescott (Shawano County)","2165","1","Assigned Polling Place","No","Hand marked paper ballots and DREs with VVPAT","Hand Count, Optical Scan, and DRE",
"5511588325","Wisconsin","Village of Wittenberg (Shawano County)","494","1","Assigned Polling Place","No","Hand marked paper ballots and BMDs","Hand Count, Optical Scan, and DRE",
"5511588350","Wisconsin","Town of Wittenberg (Shawano County)","533","1","Assigned Polling Place","No","Hand marked paper ballots and BMDs","Hand Count, Optical Scan, and DRE",
"5511700450","Wisconsin","Village of Adell (Sheboygan County)","318","1","Assigned Polling Place","No","Hand marked paper ballots and BMDs","Optical Scan",
"5511712825","Wisconsin","Village of Cascade (Sheboygan County)","476","1","Assigned Polling Place","No","Hand marked paper ballots and BMDs","Optical Scan",
"5511713475","Wisconsin","Village of Cedar Grove (Sheboygan County)","1437","1","Assigned Polling Place","No","Hand marked paper ballots and BMDs","Optical Scan",
"5511723275","Wisconsin","Village of Elkhart Lake (Sheboygan County)","812","1","Assigned Polling Place","No","Hand marked paper ballots and BMDs","Optical Scan",
"5511729350","Wisconsin","Village of Glenbeulah (Sheboygan County)","317","1","Assigned Polling Place","No","Hand marked paper ballots and BMDs","Optical Scan",
"5511731100","Wisconsin","Town of Greenbush (Sheboygan County)","1054","1","Assigned Polling Place","No","Hand marked paper ballots and BMDs","Optical Scan",
"5511734050","Wisconsin","Town of Herman (Sheboygan County)","1165","1","Assigned Polling Place","No","Hand marked paper ballots and BMDs","Optical Scan",
"5511735375","Wisconsin","Town of Holland (Sheboygan County)","1724","1","Assigned Polling Place","No","Hand marked paper ballots and BMDs","Optical Scan",
"5511736025","Wisconsin","Village of Howards Grove (Sheboygan County)","2284","1","Assigned Polling Place","No","Hand marked paper ballots and BMDs","Optical Scan",
"5511740275","Wisconsin","Village of Kohler (Sheboygan County)","1582","1","Assigned Polling Place","No","Hand marked paper ballots and BMDs","Optical Scan",
"5511744150","Wisconsin","Town of Lima (Sheboygan County)","2067","1","Assigned Polling Place","No","Hand marked paper ballots and BMDs","Optical Scan",
"5511746575","Wisconsin","Town of Lyndon (Sheboygan County)","1098","1","Assigned Polling Place","No","Hand marked paper ballots and BMDs","Optical Scan",
"5511753375","Wisconsin","Town of Mitchell (Sheboygan County)","885","1","Assigned Polling Place","No","Hand marked paper ballots and BMDs","Optical Scan",
"5511754475","Wisconsin","Town of Mosel (Sheboygan County)","541","1","Assigned Polling Place","No","Hand marked paper ballots and BMDs","Optical Scan",
"5511760100","Wisconsin","Village of Oostburg (Sheboygan County)","2183","1","Assigned Polling Place","No","Hand marked paper ballots and BMDs","Optical Scan",
"5511763700","Wisconsin","City of Plymouth (Sheboygan County)","5516","1","Assigned Polling Place","No","Hand marked paper ballots and BMDs","Optical Scan",
"5511763725","Wisconsin","Town of Plymouth (Sheboygan County)","2219","1","Assigned Polling Place","No","Hand marked paper ballots and BMDs","Optical Scan",
"5511766200","Wisconsin","Village of Random Lake (Sheboygan County)","1038","1","Assigned Polling Place","No","Hand marked paper ballots and BMDs","Optical Scan",
"5511767150","Wisconsin","Town of Rhine (Sheboygan County)","1651","1","Assigned Polling Place","No","Hand marked paper ballots and BMDs","Optical Scan",
"5511770350","Wisconsin","Town of Russell (Sheboygan County)","230","1","Assigned Polling Place","No","Hand marked paper ballots and BMDs","Optical Scan",
"5511772350","Wisconsin","Town of Scott (Sheboygan County)","1272","1","Assigned Polling Place","No","Hand marked paper ballots and BMDs","Optical Scan",
"5511772975","Wisconsin","City of Sheboygan (Sheboygan County)","25565","23","Assigned Polling Place","No","Hand marked paper ballots and BMDs","Optical Scan",
"5511773000","Wisconsin","Town of Sheboygan (Sheboygan County)","5728","1","Assigned Polling Place","No","Hand marked paper ballots and BMDs","Optical Scan",
"5511773025","Wisconsin","City of Sheboygan Falls (Sheboygan County)","5555","1","Assigned Polling Place","No","Hand marked paper ballots and BMDs","Optical Scan",
"5511773050","Wisconsin","Town of Sheboygan Falls (Sheboygan County)","1230","1","Assigned Polling Place","No","Hand marked paper ballots and BMDs","Optical Scan",
"5511773425","Wisconsin","Town of Sherman (Sheboygan County)","1074","1","Assigned Polling Place","No","Hand marked paper ballots and BMDs","Optical Scan",
"5511783100","Wisconsin","Village of Waldo (Sheboygan County)","302","1","Assigned Polling Place","No","Hand marked paper ballots and BMDs","Optical Scan",
"5511787500","Wisconsin","Town of Wilson (Sheboygan County)","2629","1","Assigned Polling Place","No","Hand marked paper ballots and BMDs","Optical Scan",
"5510904400","Wisconsin","Village of Baldwin (St. Croix County)","2560","1","Assigned Polling Place","No","Hand marked paper ballots and BMDs","Optical Scan",
"5510904425","Wisconsin","Town of Baldwin (St. Croix County)","692","1","Assigned Polling Place","No","Hand marked paper ballots and BMDs","Optical Scan",
"5510911775","Wisconsin","Town of Cady (St. Croix County)","572","1","Assigned Polling Place","No","Hand marked paper ballots and BMDs","Optical Scan",
"5510918300","Wisconsin","Town of Cylon (St. Croix County)","453","1","Assigned Polling Place","No","Hand marked paper ballots and BMDs","Optical Scan",
"5510919325","Wisconsin","Village of Deer Park (St. Croix County)","137","1","Assigned Polling Place","No","Hand marked paper ballots and BMDs","Optical Scan",
"5510922400","Wisconsin","Town of Eau Galle (St. Croix County)","845","1","Assigned Polling Place","No","Hand marked paper ballots and BMDs","Optical Scan",
"5510923925","Wisconsin","Town of Emerald (St. Croix County)","543","1","Assigned Polling Place","No","Hand marked paper ballots and BMDs","Optical Scan",
"5510924275","Wisconsin","Town of Erin Prairie (St. Croix County)","470","1","Assigned Polling Place","No","Hand marked paper ballots and BMDs","Optical Scan",
"5510926525","Wisconsin","Town of Forest (St. Croix County)","436","1","Assigned Polling Place","No","Hand marked paper ballots and BMDs","Optical Scan",
"5510929600","Wisconsin","Town of Glenwood (St. Croix County)","517","1","Assigned Polling Place","No","Hand marked paper ballots and BMDs","Optical Scan",
"5510929625","Wisconsin","City of Glenwood City (St. Croix County)","726","1","Assigned Polling Place","No","Hand marked paper ballots and BMDs","Optical Scan",
"5510932325","Wisconsin","Village of Hammond (St. Croix County)","1165","1","Assigned Polling Place","No","Hand marked paper ballots and BMDs","Optical Scan",
"5510932350","Wisconsin","Town of Hammond (St. Croix County)","1704","1","Assigned Polling Place","No","Hand marked paper ballots and BMDs","Optical Scan",
"5510936250","Wisconsin","City of Hudson (St. Croix County)","9620","6","Assigned Polling Place","No","Hand marked paper ballots and BMDs","Optical Scan",
"5510936275","Wisconsin","Town of Hudson (St. Croix County)","6249","1","Assigned Polling Place","No","Hand marked paper ballots and BMDs","Optical Scan",
"5510939825","Wisconsin","Town of Kinnickinnic (St. Croix County)","1308","1","Assigned Polling Place","No","Hand marked paper ballots and BMDs","Optical Scan",
"5510957100","Wisconsin","City of New Richmond (St. Croix County)","6284","1","Assigned Polling Place","No","Hand marked paper ballots and BMDs","Optical Scan",
"5510958050","Wisconsin","Village of North Hudson (St. Croix County)","2769","1","Assigned Polling Place","No","Hand marked paper ballots and BMDs","Optical Scan",
"5510963425","Wisconsin","Town of Pleasant Valley (St. Croix County)","391","1","Assigned Polling Place","No","Hand marked paper ballots and BMDs","Optical Scan",
"5510967650","Wisconsin","Town of Richmond (St. Croix County)","2666","1","Assigned Polling Place","No","Hand marked paper ballots and BMDs","Optical Scan",
"5510968475","Wisconsin","Village of Roberts (St. Croix County)","1274","1","Assigned Polling Place","No","Hand marked paper ballots and BMDs","Optical Scan",
"5510970200","Wisconsin","Town of Rush River (St. Croix County)","351","1","Assigned Polling Place","No","Hand marked paper ballots and BMDs","Optical Scan",
"5510974675","Wisconsin","Village of Somerset (St. Croix County)","1711","1","Assigned Polling Place","No","Hand marked paper ballots and BMDs","Optical Scan",
"5510974700","Wisconsin","Town of Somerset (St. Croix County)","3231","1","Assigned Polling Place","No","Hand marked paper ballots and BMDs","Optical Scan",
"5510975950","Wisconsin","Town of Springfield (St. Croix County)","632","1","Assigned Polling Place","No","Hand marked paper ballots and BMDs","Optical Scan",
"5510970825","Wisconsin","Town of St. Joseph (St. Croix County)","3127","1","Assigned Polling Place","No","Hand marked paper ballots and BMDs","Optical Scan",
"5510976675","Wisconsin","Town of Stanton (St. Croix County)","622","1","Assigned Polling Place","No","Hand marked paper ballots and BMDs","Optical Scan",
"5510976825","Wisconsin","Village of Star Prairie (St. Croix County)","405","1","Assigned Polling Place","No","Hand marked paper ballots and BMDs","Optical Scan",
"5510976850","Wisconsin","Town of Star Prairie (St. Croix County)","2552","1","Assigned Polling Place","No","Hand marked paper ballots and BMDs","Optical Scan",
"5510980800","Wisconsin","Town of Troy (St. Croix County)","4194","1","Assigned Polling Place","No","Hand marked paper ballots and BMDs","Optical Scan",
"5510983400","Wisconsin","Town of Warren (St. Croix County)","1193","1","Assigned Polling Place","No","Hand marked paper ballots and BMDs","Optical Scan",
"5510987475","Wisconsin","Village of Wilson (St. Croix County)","128","1","Assigned Polling Place","No","Hand marked paper ballots and BMDs","Optical Scan",
"5510989025","Wisconsin","Village of Woodville (St. Croix County)","813","1","Assigned Polling Place","No","Hand marked paper ballots and BMDs","Optical Scan",
"5511903900","Wisconsin","Town of Aurora (Taylor County)","209","1","Assigned Polling Place","No","Hand marked paper ballots and BMDs","Optical Scan",
"5511910400","Wisconsin","Town of Browning (Taylor County)","550","1","Assigned Polling Place","No","Hand marked paper ballots and BMDs","Optical Scan",
"5511914200","Wisconsin","Town of Chelsea (Taylor County)","482","1","Assigned Polling Place","No","Hand marked paper ballots and BMDs","Optical Scan",
"5511915450","Wisconsin","Town of Cleveland (Taylor County)","166","1","Assigned Polling Place","No","Hand marked paper ballots and BMDs","Optical Scan",
"5511919225","Wisconsin","Town of Deer Creek (Taylor County)","389","1","Assigned Polling Place","No","Hand marked paper ballots and BMDs","Optical Scan",
"5511926425","Wisconsin","Town of Ford (Taylor County)","151","1","Assigned Polling Place","No","Hand marked paper ballots and BMDs","Optical Scan",
"5511929175","Wisconsin","Village of Gilman (Taylor County)","229","1","Assigned Polling Place","No","Hand marked paper ballots and BMDs","Optical Scan",
"5511929837","Wisconsin","Town of Goodrich (Taylor County)","314","1","Assigned Polling Place","No","Hand marked paper ballots and BMDs","Optical Scan",
"5511931600","Wisconsin","Town of Greenwood (Taylor County)","431","1","Assigned Polling Place","No","Hand marked paper ballots and BMDs","Optical Scan",
"5511931750","Wisconsin","Town of Grover (Taylor County)","169","1","Assigned Polling Place","No","Hand marked paper ballots and BMDs","Optical Scan",
"5511932300","Wisconsin","Town of Hammel (Taylor County)","467","1","Assigned Polling Place","No","Hand marked paper ballots and BMDs","Optical Scan",
"5511935525","Wisconsin","Town of Holway (Taylor County)","361","1","Assigned Polling Place","No","Hand marked paper ballots and BMDs","Optical Scan",
"5511938627","Wisconsin","Town of Jump River (Taylor County)","173","1","Assigned Polling Place","No","Hand marked paper ballots and BMDs","Optical Scan",
"5511944900","Wisconsin","Town of Little Black (Taylor County)","696","1","Assigned Polling Place","No","Hand marked paper ballots and BMDs","Optical Scan",
"5511946150","Wisconsin","Village of Lublin (Taylor County)","80","1","Assigned Polling Place","No","Hand marked paper ballots and BMDs","Optical Scan",
"5511948925","Wisconsin","Town of Maplehurst (Taylor County)","181","1","Assigned Polling Place","No","Hand marked paper ballots and BMDs","Optical Scan",
"5511946925","Wisconsin","Town of McKinley (Taylor County)","245","1","Assigned Polling Place","No","Hand marked paper ballots and BMDs","Optical Scan",
"5511950425","Wisconsin","City of Medford (Taylor County)","2278","1","Assigned Polling Place","No","Hand marked paper ballots and BMDs","Optical Scan",
"5511950450","Wisconsin","Town of Medford (Taylor County)","1653","1","Assigned Polling Place","No","Hand marked paper ballots and BMDs","Optical Scan",
"5511953550","Wisconsin","Town of Molitor (Taylor County)","219","1","Assigned Polling Place","No","Hand marked paper ballots and BMDs","Optical Scan",
"5511962100","Wisconsin","Town of Pershing (Taylor County)","105","1","Assigned Polling Place","No","Hand marked paper ballots and BMDs","Optical Scan",
"5511967275","Wisconsin","Village of Rib Lake (Taylor County)","473","1","Assigned Polling Place","No","Hand marked paper ballots and BMDs","Optical Scan",
"5511967300","Wisconsin","Town of Rib Lake (Taylor County)","494","1","Assigned Polling Place","No","Hand marked paper ballots and BMDs","Optical Scan",
"5511969400","Wisconsin","Town of Roosevelt (Taylor County)","225","1","Assigned Polling Place","No","Hand marked paper ballots and BMDs","Optical Scan",
"5511977100","Wisconsin","Village of Stetsonville (Taylor County)","308","1","Assigned Polling Place","No","Hand marked paper ballots and BMDs","Optical Scan",
"5511978950","Wisconsin","Town of Taft (Taylor County)","177","1","Assigned Polling Place","No","Hand marked paper ballots and BMDs","Optical Scan",
"5511985450","Wisconsin","Town of Westboro (Taylor County)","484","1","Assigned Polling Place","No","Hand marked paper ballots and BMDs","Optical Scan",
"5512100925","Wisconsin","Town of Albion (Trempealeau County)","434","1","Assigned Polling Place","No","Hand marked paper ballots and BMDs","Optical Scan",
"5512102500","Wisconsin","City of Arcadia (Trempealeau County)","927","1","Assigned Polling Place","No","Hand marked paper ballots and BMDs","Optical Scan",
"5512102525","Wisconsin","Town of Arcadia (Trempealeau County)","1090","1","Assigned Polling Place","No","Hand marked paper ballots and BMDs","Optical Scan",
"5512108075","Wisconsin","City of Blair (Trempealeau County)","653","1","Assigned Polling Place","No","Hand marked paper ballots and BMDs","Optical Scan",
"5512111325","Wisconsin","Town of Burnside (Trempealeau County)","265","1","Assigned Polling Place","No","Hand marked paper ballots and BMDs","Optical Scan",
"5512111975","Wisconsin","Town of Caledonia (Trempealeau County)","606","1","Assigned Polling Place","No","Hand marked paper ballots and BMDs","Optical Scan",
"5512114525","Wisconsin","Town of Chimney Rock (Trempealeau County)","176","1","Assigned Polling Place","No","Hand marked paper ballots and BMDs","Optical Scan",
"5512120300","Wisconsin","Town of Dodge (Trempealeau County)","279","1","Assigned Polling Place","No","Hand marked paper ballots and BMDs","Optical Scan",
"5512123175","Wisconsin","Village of Eleva (Trempealeau County)","388","1","Assigned Polling Place","No","Hand marked paper ballots and BMDs","Optical Scan",
"5512124400","Wisconsin","Village of Ettrick (Trempealeau County)","300","1","Assigned Polling Place","No","Hand marked paper ballots and BMDs","Optical Scan",
"5512124425","Wisconsin","Town of Ettrick (Trempealeau County)","871","1","Assigned Polling Place","No","Hand marked paper ballots and BMDs","Optical Scan",
"5512128150","Wisconsin","Town of Gale (Trempealeau County)","1166","1","Assigned Polling Place","No","Hand marked paper ballots and BMDs","Optical Scan",
"5512128200","Wisconsin","City of Galesville (Trempealeau County)","990","1","Assigned Polling Place","No","Hand marked paper ballots and BMDs","Optical Scan",
"5512132050","Wisconsin","Town of Hale (Trempealeau County)","680","1","Assigned Polling Place","No","Hand marked paper ballots and BMDs","Optical Scan",
"5512136800","Wisconsin","City of Independence (Trempealeau County)","610","1","Assigned Polling Place","No","Hand marked paper ballots and BMDs","Optical Scan",
"5512144500","Wisconsin","Town of Lincoln (Trempealeau County)","397","1","Assigned Polling Place","No","Hand marked paper ballots and BMDs","Optical Scan",
"5512160575","Wisconsin","City of Osseo (Trempealeau County)","1116","1","Assigned Polling Place","No","Hand marked paper ballots and BMDs","Optical Scan",
"5512162650","Wisconsin","Town of Pigeon (Trempealeau County)","431","1","Assigned Polling Place","No","Hand marked paper ballots and BMDs","Optical Scan",
"5512162675","Wisconsin","Village of Pigeon Falls (Trempealeau County)","239","1","Assigned Polling Place","No","Hand marked paper ballots and BMDs","Optical Scan",
"5512165500","Wisconsin","Town of Preston (Trempealeau County)","525","1","Assigned Polling Place","No","Hand marked paper ballots and BMDs","Optical Scan",
"5512177825","Wisconsin","Village of Strum (Trempealeau County)","648","1","Assigned Polling Place","No","Hand marked paper ballots and BMDs","Optical Scan",
"5512178500","Wisconsin","Town of Sumner (Trempealeau County)","556","1","Assigned Polling Place","No","Hand marked paper ballots and BMDs","Optical Scan",
"5512180475","Wisconsin","Village of Trempealeau (Trempealeau County)","1225","1","Assigned Polling Place","No","Hand marked paper ballots and BMDs","Optical Scan",
"5512180500","Wisconsin","Town of Trempealeau (Trempealeau County)","1324","1","Assigned Polling Place","No","Hand marked paper ballots and BMDs","Optical Scan",
"5512181875","Wisconsin","Town of Unity (Trempealeau County)","364","1","Assigned Polling Place","No","Hand marked paper ballots and BMDs","Optical Scan",
"5512186725","Wisconsin","City of Whitehall (Trempealeau County)","884","1","Assigned Polling Place","No","Hand marked paper ballots and BMDs","Optical Scan",
"5512306900","Wisconsin","Town of Bergen (Vernon County)","923","1","Assigned Polling Place","No","Hand marked paper ballots and BMDs","Optical Scan",
"5512314150","Wisconsin","Village of Chaseburg (Vernon County)","169","1","Assigned Polling Place","No","Hand marked paper ballots and BMDs","Optical Scan",
"5512314675","Wisconsin","Town of Christiana (Vernon County)","630","1","Assigned Polling Place","No","Hand marked paper ballots and BMDs","Optical Scan",
"5512315675","Wisconsin","Town of Clinton (Vernon County)","286","1","Assigned Polling Place","No","Hand marked paper ballots and BMDs","Optical Scan",
"5512316875","Wisconsin","Town of Coon (Vernon County)","518","1","Assigned Polling Place","No","Hand marked paper ballots and BMDs","Optical Scan",
"5512316900","Wisconsin","Village of Coon Valley (Vernon County)","501","1","Assigned Polling Place","No","Hand marked paper ballots and BMDs","Optical Scan",
"5512319850","Wisconsin","Village of De Soto (Vernon County)","194","2","Assigned Polling Place","No","Hand marked paper ballots and BMDs","Optical Scan",
"5512326550","Wisconsin","Town of Forest (Vernon County)","308","1","Assigned Polling Place","No","Hand marked paper ballots and BMDs","Optical Scan",
"5512327400","Wisconsin","Town of Franklin (Vernon County)","687","1","Assigned Polling Place","No","Hand marked paper ballots and BMDs","Optical Scan",
"5512328625","Wisconsin","Village of Genoa (Vernon County)","160","1","Assigned Polling Place","No","Hand marked paper ballots and BMDs","Optical Scan",
"5512328650","Wisconsin","Town of Genoa (Vernon County)","504","1","Assigned Polling Place","No","Hand marked paper ballots and BMDs","Optical Scan",
"5512331625","Wisconsin","Town of Greenwood (Vernon County)","247","1","Assigned Polling Place","No","Hand marked paper ballots and BMDs","Optical Scan",
"5512332225","Wisconsin","Town of Hamburg (Vernon County)","646","1","Assigned Polling Place","No","Hand marked paper ballots and BMDs","Optical Scan",
"5512332725","Wisconsin","Town of Harmony (Vernon County)","406","1","Assigned Polling Place","No","Hand marked paper ballots and BMDs","Optical Scan",
"5512334825","Wisconsin","City of Hillsboro (Vernon County)","768","1","Assigned Polling Place","No","Hand marked paper ballots and BMDs","Optical Scan",
"5512334850","Wisconsin","Town of Hillsboro (Vernon County)","413","1","Assigned Polling Place","No","Hand marked paper ballots and BMDs","Optical Scan",
"5512337975","Wisconsin","Town of Jefferson (Vernon County)","773","1","Assigned Polling Place","No","Hand marked paper ballots and BMDs","Optical Scan",
"5512339475","Wisconsin","Town of Kickapoo (Vernon County)","320","1","Assigned Polling Place","No","Hand marked paper ballots and BMDs","Optical Scan",
"5512340875","Wisconsin","Village of La Farge (Vernon County)","445","1","Assigned Polling Place","No","Hand marked paper ballots and BMDs","Optical Scan",
"5512343900","Wisconsin","Town of Liberty (Vernon County)","238","1","Assigned Polling Place","No","Hand marked paper ballots and BMDs","Optical Scan",
"5512360075","Wisconsin","Village of Ontario (Vernon County)","252","2","Assigned Polling Place","No","Hand marked paper ballots and BMDs","Optical Scan",
"5512366450","Wisconsin","Village of Readstown (Vernon County)","226","1","Assigned Polling Place","No","Hand marked paper ballots and BMDs","Optical Scan",
"5512376725","Wisconsin","Town of Stark (Vernon County)","251","1","Assigned Polling Place","No","Hand marked paper ballots and BMDs","Optical Scan",
"5512377075","Wisconsin","Town of Sterling (Vernon County)","367","1","Assigned Polling Place","No","Hand marked paper ballots and BMDs","Optical Scan",
"5512377550","Wisconsin","Village of Stoddard (Vernon County)","538","1","Assigned Polling Place","No","Hand marked paper ballots and BMDs","Optical Scan",
"5512381675","Wisconsin","Town of Union (Vernon County)","255","1","Assigned Polling Place","No","Hand marked paper ballots and BMDs","Optical Scan",
"5512382925","Wisconsin","City of Viroqua (Vernon County)","2764","1","Assigned Polling Place","No","Hand marked paper ballots and BMDs","Optical Scan",
"5512382950","Wisconsin","Town of Viroqua (Vernon County)","1256","1","Assigned Polling Place","No","Hand marked paper ballots and BMDs","Optical Scan",
"5512385050","Wisconsin","Town of Webster (Vernon County)","422","1","Assigned Polling Place","No","Hand marked paper ballots and BMDs","Optical Scan",
"5512385475","Wisconsin","City of Westby (Vernon County)","1395","1","Assigned Polling Place","No","Hand marked paper ballots and BMDs","Optical Scan",
"5512386525","Wisconsin","Town of Wheatland (Vernon County)","423","1","Assigned Polling Place","No","Hand marked paper ballots and BMDs","Optical Scan",
"5512386900","Wisconsin","Town of Whitestown (Vernon County)","284","1","Assigned Polling Place","No","Hand marked paper ballots and BMDs","Optical Scan",
"5512502450","Wisconsin","Town of Arbor Vitae (Vilas County)","2493","1","Assigned Polling Place","No","Hand marked paper ballots and BMDs","Optical Scan",
"5512508950","Wisconsin","Town of Boulder Junction (Vilas County)","947","1","Assigned Polling Place","No","Hand marked paper ballots and BMDs","Optical Scan",
"5512515850","Wisconsin","Town of Cloverland (Vilas County)","907","1","Assigned Polling Place","No","Hand marked paper ballots and BMDs","Optical Scan",
"5512516750","Wisconsin","Town of Conover (Vilas County)","1075","1","Assigned Polling Place","No","Hand marked paper ballots and BMDs","Optical Scan",
"5512521625","Wisconsin","City of Eagle River (Vilas County)","1012","1","Assigned Polling Place","No","Hand marked paper ballots and BMDs","Optical Scan",
"5512540687","Wisconsin","Town of Lac du Flambeau (Vilas County)","2056","1","Assigned Polling Place","No","Hand marked paper ballots and BMDs","Optical Scan",
"5512542325","Wisconsin","Town of Land O'Lakes (Vilas County)","741","1","Assigned Polling Place","No","Hand marked paper ballots and BMDs","Optical Scan",
"5512544525","Wisconsin","Town of Lincoln (Vilas County)","1987","1","Assigned Polling Place","No","Hand marked paper ballots and BMDs","Optical Scan",
"5512548462","Wisconsin","Town of Manitowish Waters (Vilas County)","614","1","Assigned Polling Place","No","Hand marked paper ballots and BMDs","Optical Scan",
"5512562425","Wisconsin","Town of Phelps (Vilas County)","1012","1","Assigned Polling Place","No","Hand marked paper ballots and BMDs","Optical Scan",
"5512563625","Wisconsin","Town of Plum Lake (Vilas County)","480","1","Assigned Polling Place","No","Hand marked paper ballots and BMDs","Optical Scan",
"5512565425","Wisconsin","Town of Presque Isle (Vilas County)","655","1","Assigned Polling Place","No","Hand marked paper ballots and BMDs","Optical Scan",
"5512570725","Wisconsin","Town of St. Germain (Vilas County)","1643","1","Assigned Polling Place","No","Hand marked paper ballots and BMDs","Optical Scan",
"5512583750","Wisconsin","Town of Washington (Vilas County)","1307","1","Assigned Polling Place","No","Hand marked paper ballots and BMDs","Optical Scan",
"5512587600","Wisconsin","Town of Winchester (Vilas County)","406","1","Assigned Polling Place","No","Hand marked paper ballots and BMDs","Optical Scan",
"5512708265","Wisconsin","Village of Bloomfield (Walworth County)","2663","1","Assigned Polling Place","No","Hand marked paper ballots and BMDs","Optical Scan",
"5512708275","Wisconsin","Town of Bloomfield (Walworth County)","924","1","Assigned Polling Place","No","Hand marked paper ballots and BMDs","Optical Scan",
"5512718825","Wisconsin","Village of Darien (Walworth County)","819","1","Assigned Polling Place","No","Hand marked paper ballots and BMDs","Optical Scan",
"5512718850","Wisconsin","Town of Darien (Walworth County)","1005","1","Assigned Polling Place","No","Hand marked paper ballots and BMDs","Optical Scan",
"5512719450","Wisconsin","City of Delavan (Walworth County)","4420","1","Assigned Polling Place","No","Hand marked paper ballots and BMDs","Optical Scan",
"5512719475","Wisconsin","Town of Delavan (Walworth County)","3488","1","Assigned Polling Place","No","Hand marked paper ballots and BMDs","Optical Scan",
"5512722100","Wisconsin","Village of East Troy (Walworth County)","2988","2","Assigned Polling Place","No","Hand marked paper ballots and BMDs","Optical Scan",
"5512722125","Wisconsin","Town of East Troy (Walworth County)","3061","2","Assigned Polling Place","No","Hand marked paper ballots and BMDs","Optical Scan",
"5512723300","Wisconsin","City of Elkhorn (Walworth County)","5647","1","Assigned Polling Place","No","Hand marked paper ballots and BMDs","Optical Scan",
"5512726350","Wisconsin","Village of Fontana-on-Geneva Lake (Walworth County)","1411","1","Assigned Polling Place","No","Hand marked paper ballots and BMDs","Optical Scan",
"5512728550","Wisconsin","Town of Geneva (Walworth County)","3730","1","Assigned Polling Place","No","Hand marked paper ballots and BMDs","Optical Scan",
"5512728675","Wisconsin","Village of Genoa City (Walworth County)","1692","2","Assigned Polling Place","No","Hand marked paper ballots and BMDs","Optical Scan",
"5512741050","Wisconsin","Town of La Grange (Walworth County)","1852","1","Assigned Polling Place","No","Hand marked paper ballots and BMDs","Optical Scan",
"5512740950","Wisconsin","Town of Lafayette (Walworth County)","1477","1","Assigned Polling Place","No","Hand marked paper ballots and BMDs","Optical Scan",
"5512741450","Wisconsin","City of Lake Geneva (Walworth County)","4890","1","Assigned Polling Place","No","Hand marked paper ballots and BMDs","Optical Scan",
"5512744750","Wisconsin","Town of Linn (Walworth County)","1807","2","Assigned Polling Place","No","Hand marked paper ballots and BMDs","Optical Scan",
"5512746725","Wisconsin","Town of Lyons (Walworth County)","2324","1","Assigned Polling Place","No","Hand marked paper ballots and BMDs","Optical Scan",
"5512767725","Wisconsin","Town of Richmond (Walworth County)","1318","1","Assigned Polling Place","No","Hand marked paper ballots and BMDs","Optical Scan",
"5512772875","Wisconsin","Village of Sharon (Walworth County)","815","1","Assigned Polling Place","No","Hand marked paper ballots and BMDs","Optical Scan",
"5512772900","Wisconsin","Town of Sharon (Walworth County)","608","1","Assigned Polling Place","No","Hand marked paper ballots and BMDs","Optical Scan",
"5512776175","Wisconsin","Town of Spring Prairie (Walworth County)","1655","1","Assigned Polling Place","No","Hand marked paper ballots and BMDs","Optical Scan",
"5512778100","Wisconsin","Town of Sugar Creek (Walworth County)","2669","1","Assigned Polling Place","No","Hand marked paper ballots and BMDs","Optical Scan",
"5512780875","Wisconsin","Town of Troy (Walworth County)","1719","1","Assigned Polling Place","No","Hand marked paper ballots and BMDs","Optical Scan",
"5512783250","Wisconsin","Village of Walworth (Walworth County)","1604","1","Assigned Polling Place","No","Hand marked paper ballots and BMDs","Optical Scan",
"5512783275","Wisconsin","Town of Walworth (Walworth County)","1128","1","Assigned Polling Place","No","Hand marked paper ballots and BMDs","Optical Scan",
"5512786925","Wisconsin","City of Whitewater (Walworth County)","6315","6","Assigned Polling Place","No","Hand marked paper ballots and BMDs","Optical Scan",
"5512786950","Wisconsin","Town of Whitewater (Walworth County)","1038","1","Assigned Polling Place","No","Hand marked paper ballots and BMDs","Optical Scan",
"5512787200","Wisconsin","Village of Williams Bay (Walworth County)","2064","1","Assigned Polling Place","No","Hand marked paper ballots and BMDs","Optical Scan",
"5512904950","Wisconsin","Town of Barronett (Washburn County)","291","1","Assigned Polling Place","No","Hand marked paper ballots and DREs with VVPAT","Hand Count, Optical Scan, and DRE",
"5512905125","Wisconsin","Town of Bashaw (Washburn County)","786","1","Assigned Polling Place","No","Hand marked paper ballots and DREs with VVPAT","Hand Count, Optical Scan, and DRE",
"5512905225","Wisconsin","Town of Bass Lake (Washburn County)","386","1","Assigned Polling Place","No","Hand marked paper ballots and BMDs","Hand Count, Optical Scan, and DRE",
"5512905875","Wisconsin","Town of Beaver Brook (Washburn County)","548","1","Assigned Polling Place","No","Hand marked paper ballots and DREs with VVPAT","Hand Count, Optical Scan, and DRE",
"5512907550","Wisconsin","Village of Birchwood (Washburn County)","251","1","Assigned Polling Place","No","Hand marked paper ballots and DREs with VVPAT","Hand Count, Optical Scan, and DRE",
"5512907575","Wisconsin","Town of Birchwood (Washburn County)","472","1","Assigned Polling Place","No","Hand marked paper ballots and BMDs","Hand Count, Optical Scan, and DRE",
"5512910150","Wisconsin","Town of Brooklyn (Washburn County)","242","1","Assigned Polling Place","No","Hand marked paper ballots and DREs with VVPAT","Hand Count, Optical Scan, and DRE",
"5512912925","Wisconsin","Town of Casey (Washburn County)","344","1","Assigned Polling Place","No","Hand marked paper ballots and DREs with VVPAT","Hand Count, Optical Scan, and DRE",
"5512914425","Wisconsin","Town of Chicog (Washburn County)","256","1","Assigned Polling Place","No","Hand marked paper ballots and DREs with VVPAT","Hand Count, Optical Scan, and DRE",
"5512917850","Wisconsin","Town of Crystal (Washburn County)","198","1","Assigned Polling Place","No","Hand marked paper ballots and DREs with VVPAT","Hand Count, Optical Scan, and DRE",
"5512924600","Wisconsin","Town of Evergreen (Washburn County)","832","1","Assigned Polling Place","No","Hand marked paper ballots and BMDs","Hand Count, Optical Scan, and DRE",
"5512928025","Wisconsin","Town of Frog Creek (Washburn County)","107","1","Assigned Polling Place","No","Hand marked paper ballots and DREs with VVPAT","Hand Count, Optical Scan, and DRE",
"5512931825","Wisconsin","Town of Gull Lake (Washburn County)","154","1","Assigned Polling Place","No","Hand marked paper ballots and DREs with VVPAT","Hand Count, Optical Scan, and DRE",
"5512945650","Wisconsin","Town of Long Lake (Washburn County)","519","1","Assigned Polling Place","No","Hand marked paper ballots and BMDs","Hand Count, Optical Scan, and DRE",
"5512947025","Wisconsin","Town of Madge (Washburn County)","435","1","Assigned Polling Place","No","Hand marked paper ballots and DREs with VVPAT","Hand Count, Optical Scan, and DRE",
"5512953250","Wisconsin","Village of Minong (Washburn County)","319","1","Assigned Polling Place","No","Hand marked paper ballots and BMDs","Hand Count, Optical Scan, and DRE",
"5512953275","Wisconsin","Town of Minong (Washburn County)","762","1","Assigned Polling Place","No","Hand marked paper ballots and BMDs","Hand Count, Optical Scan, and DRE",
"5512971637","Wisconsin","Town of Sarona (Washburn County)","298","1","Assigned Polling Place","No","Hand marked paper ballots and DREs with VVPAT","Hand Count, Optical Scan, and DRE",
"5512973200","Wisconsin","City of Shell Lake (Washburn County)","916","1","Assigned Polling Place","No","Hand marked paper ballots and BMDs","Hand Count, Optical Scan, and DRE",
"5512975625","Wisconsin","City of Spooner (Washburn County)","1345","1","Assigned Polling Place","No","Hand marked paper ballots and DREs with VVPAT","Hand Count, Optical Scan, and DRE",
"5512975650","Wisconsin","Town of Spooner (Washburn County)","579","1","Assigned Polling Place","No","Hand marked paper ballots and DREs with VVPAT","Hand Count, Optical Scan, and DRE",
"5512975800","Wisconsin","Town of Springbrook (Washburn County)","338","1","Assigned Polling Place","No","Hand marked paper ballots and DREs with VVPAT","Hand Count, Optical Scan, and DRE",
"5512977350","Wisconsin","Town of Stinnett (Washburn County)","155","1","Assigned Polling Place","No","Hand marked paper ballots and DREs with VVPAT","Hand Count, Optical Scan, and DRE",
"5512977650","Wisconsin","Town of Stone Lake (Washburn County)","373","1","Assigned Polling Place","No","Hand marked paper ballots and DREs with VVPAT","Hand Count, Optical Scan, and DRE",
"5512980450","Wisconsin","Town of Trego (Washburn County)","703","1","Assigned Polling Place","No","Hand marked paper ballots and BMDs","Hand Count, Optical Scan, and DRE",
"5513100425","Wisconsin","Town of Addison (Washington County)","2397","1","Assigned Polling Place","No","Hand marked paper ballots and BMDs","Optical Scan",
"5513105050","Wisconsin","Town of Barton (Washington County)","2070","1","Assigned Polling Place","No","Hand marked paper ballots and BMDs","Optical Scan",
"5513124225","Wisconsin","Town of Erin (Washington County)","3056","1","Assigned Polling Place","No","Hand marked paper ballots and BMDs","Optical Scan",
"5513125375","Wisconsin","Town of Farmington (Washington County)","2711","1","Assigned Polling Place","No","Hand marked paper ballots and BMDs","Optical Scan",
"5513128875","Wisconsin","Village of Germantown (Washington County)","14528","4","Assigned Polling Place","No","Hand marked paper ballots and BMDs","Optical Scan",
"5513128900","Wisconsin","Town of Germantown (Washington County)","184","1","Assigned Polling Place","No","Hand marked paper ballots and BMDs","Optical Scan",
"5513133000","Wisconsin","City of Hartford (Washington County)","9635","5","Assigned Polling Place","No","Hand marked paper ballots and BMDs","Optical Scan",
"5513133025","Wisconsin","Town of Hartford (Washington County)","2583","2","Assigned Polling Place","No","Hand marked paper ballots and BMDs","Optical Scan",
"5513137675","Wisconsin","Village of Jackson (Washington County)","5219","2","Assigned Polling Place","No","Hand marked paper ballots and BMDs","Optical Scan",
"5513137700","Wisconsin","Town of Jackson (Washington County)","2981","1","Assigned Polling Place","No","Hand marked paper ballots and BMDs","Optical Scan",
"5513139300","Wisconsin","Village of Kewaskum (Washington County)","2840","2","Assigned Polling Place","No","Hand marked paper ballots and BMDs","Optical Scan",
"5513139325","Wisconsin","Town of Kewaskum (Washington County)","842","1","Assigned Polling Place","No","Hand marked paper ballots and BMDs","Optical Scan",
"5513156450","Wisconsin","Village of Newburg (Washington County)","757","2","Assigned Polling Place","No","Hand marked paper ballots and BMDs","Optical Scan",
"5513163875","Wisconsin","Town of Polk (Washington County)","3054","1","Assigned Polling Place","No","Hand marked paper ballots and BMDs","Optical Scan",
"5513167475","Wisconsin","Village of Richfield (Washington County)","9162","4","Assigned Polling Place","No","Hand marked paper ballots and BMDs","Optical Scan",
"5513174400","Wisconsin","Village of Slinger (Washington County)","4120","1","Assigned Polling Place","No","Hand marked paper ballots and BMDs","Optical Scan",
"5513180575","Wisconsin","Town of Trenton (Washington County)","3523","2","Assigned Polling Place","No","Hand marked paper ballots and BMDs","Optical Scan",
"5513184900","Wisconsin","Town of Wayne (Washington County)","1609","1","Assigned Polling Place","No","Hand marked paper ballots and BMDs","Optical Scan",
"5513185350","Wisconsin","City of West Bend (Washington County)","19933","8","Assigned Polling Place","No","Hand marked paper ballots and BMDs","Optical Scan",
"5513185375","Wisconsin","Town of West Bend (Washington County)","3637","1","Assigned Polling Place","No","Hand marked paper ballots and BMDs","Optical Scan",
"5513307200","Wisconsin","Village of Big Bend (Waukesha County)","1042","1","Assigned Polling Place","No","Hand marked paper ballots and BMDs","Optical Scan",
"5513310025","Wisconsin","City of Brookfield (Waukesha County)","29243","22","Assigned Polling Place","No","Hand marked paper ballots and BMDs","Optical Scan",
"5513310050","Wisconsin","Town of Brookfield (Waukesha County)","5039","2","Assigned Polling Place","No","Hand marked paper ballots and BMDs","Optical Scan",
"5513311475","Wisconsin","Village of Butler (Waukesha County)","1087","1","Assigned Polling Place","No","Hand marked paper ballots and BMDs","Optical Scan",
"5513314225","Wisconsin","Village of Chenequa (Waukesha County)","424","1","Assigned Polling Place","No","Hand marked paper ballots and BMDs","Optical Scan",
"5513319400","Wisconsin","City of Delafield (Waukesha County)","5559","1","Assigned Polling Place","No","Hand marked paper ballots and BMDs","Optical Scan",
"5513319425","Wisconsin","Town of Delafield (Waukesha County)","6571","3","Assigned Polling Place","No","Hand marked paper ballots and BMDs","Optical Scan",
"5513320550","Wisconsin","Village of Dousman (Waukesha County)","1615","2","Assigned Polling Place","No","Hand marked paper ballots and BMDs","Optical Scan",
"5513321425","Wisconsin","Village of Eagle (Waukesha County)","1545","1","Assigned Polling Place","No","Hand marked paper ballots and BMDs","Optical Scan",
"5513321450","Wisconsin","Town of Eagle (Waukesha County)","2750","1","Assigned Polling Place","No","Hand marked paper ballots and BMDs","Optical Scan",
"5513323575","Wisconsin","Village of Elm Grove (Waukesha County)","4913","2","Assigned Polling Place","No","Hand marked paper ballots and BMDs","Optical Scan",
"5513328487","Wisconsin","Town of Genesee (Waukesha County)","5513","3","Assigned Polling Place","No","Hand marked paper ballots and BMDs","Optical Scan",
"5513333100","Wisconsin","Village of Hartland (Waukesha County)","6549","1","Assigned Polling Place","No","Hand marked paper ballots and BMDs","Optical Scan",
"5513340750","Wisconsin","Village of Lac La Belle (Waukesha County)","252","2","Assigned Polling Place","No","Hand marked paper ballots and BMDs","Optical Scan",
"5513342450","Wisconsin","Village of Lannon (Waukesha County)","1214","1","Assigned Polling Place","No","Hand marked paper ballots and BMDs","Optical Scan",
"5513344850","Wisconsin","Town of Lisbon (Waukesha County)","7914","5","Assigned Polling Place","No","Hand marked paper ballots and BMDs","Optical Scan",
"5513351000","Wisconsin","Village of Menomonee Falls (Waukesha County)","27565","26","Assigned Polling Place","No","Hand marked paper ballots and BMDs","Optical Scan",
"5513351375","Wisconsin","Village of Merton (Waukesha County)","2463","1","Assigned Polling Place","No","Hand marked paper ballots and BMDs","Optical Scan",
"5513351400","Wisconsin","Town of Merton (Waukesha County)","6476","2","Assigned Polling Place","No","Hand marked paper ballots and BMDs","Optical Scan",
"5513355050","Wisconsin","Village of Mukwonago (Waukesha County)","5536","2","Assigned Polling Place","No","Hand marked paper ballots and BMDs","Optical Scan",
"5513355075","Wisconsin","Town of Mukwonago (Waukesha County)","5800","2","Assigned Polling Place","No","Hand marked paper ballots and BMDs","Optical Scan",
"5513355275","Wisconsin","City of Muskego (Waukesha County)","18119","10","Assigned Polling Place","No","Hand marked paper ballots and BMDs","Optical Scan",
"5513355550","Wisconsin","Village of Nashotah (Waukesha County)","1014","1","Assigned Polling Place","No","Hand marked paper ballots and BMDs","Optical Scan",
"5513356375","Wisconsin","City of New Berlin (Waukesha County)","29799","21","Assigned Polling Place","No","Hand marked paper ballots and BMDs","Optical Scan",
"5513358400","Wisconsin","Village of North Prairie (Waukesha County)","1604","1","Assigned Polling Place","No","Hand marked paper ballots and BMDs","Optical Scan",
"5513359250","Wisconsin","City of Oconomowoc (Waukesha County)","13280","4","Assigned Polling Place","No","Hand marked paper ballots and BMDs","Optical Scan",
"5513359275","Wisconsin","Town of Oconomowoc (Waukesha County)","6784","3","Assigned Polling Place","No","Hand marked paper ballots and BMDs","Optical Scan",
"5513359300","Wisconsin","Village of Oconomowoc Lake (Waukesha County)","455","1","Assigned Polling Place","No","Hand marked paper ballots and BMDs","Optical Scan",
"5513360700","Wisconsin","Town of Ottawa (Waukesha County)","2945","1","Assigned Polling Place","No","Hand marked paper ballots and BMDs","Optical Scan",
"5513362240","Wisconsin","City of Pewaukee (Waukesha County)","11593","3","Assigned Polling Place","No","Hand marked paper ballots and BMDs","Optical Scan",
"5513362250","Wisconsin","Village of Pewaukee (Waukesha County)","5538","1","Assigned Polling Place","No","Hand marked paper ballots and BMDs","Optical Scan",
"5513378375","Wisconsin","Village of Summit (Waukesha County)","4021","2","Assigned Polling Place","No","Hand marked paper ballots and BMDs","Optical Scan",
"5513378750","Wisconsin","Village of Sussex (Waukesha County)","8237","5","Assigned Polling Place","No","Hand marked paper ballots and BMDs","Optical Scan",
"5513382575","Wisconsin","Village of Vernon (Waukesha County)","5758","2","Assigned Polling Place","No","Hand marked paper ballots and BMDs","Optical Scan",
"5513383175","Wisconsin","Village of Wales (Waukesha County)","2148","1","Assigned Polling Place","No","Hand marked paper ballots and BMDs","Optical Scan",
"5513384250","Wisconsin","City of Waukesha (Waukesha County)","42931","52","Assigned Polling Place","No","Hand marked paper ballots and BMDs","Optical Scan",
"5513384275","Wisconsin","Village of Waukesha (Waukesha County)","6485","2","Assigned Polling Place","No","Hand marked paper ballots and BMDs","Optical Scan",
"5513505625","Wisconsin","Town of Bear Creek (Waupaca County)","491","1","Assigned Polling Place","No","Hand marked paper ballots and DREs with VVPAT","Hand Count, Optical Scan, and DRE",
"5513507250","Wisconsin","Village of Big Falls (Waupaca County)","46","1","Assigned Polling Place","No","Hand marked paper ballots and DREs with VVPAT","Hand Count, Optical Scan, and DRE",
"5513512000","Wisconsin","Town of Caledonia (Waupaca County)","1195","1","Assigned Polling Place","No","Hand marked paper ballots and BMDs","Hand Count, Optical Scan, and DRE",
"5513515725","Wisconsin","City of Clintonville (Waupaca County)","2317","1","Assigned Polling Place","No","Hand marked paper ballots and BMDs","Hand Count, Optical Scan, and DRE",
"5513519025","Wisconsin","Town of Dayton (Waupaca County)","1890","1","Assigned Polling Place","No","Hand marked paper ballots and BMDs","Hand Count, Optical Scan, and DRE",
"5513521200","Wisconsin","Town of Dupont (Waupaca County)","398","1","Assigned Polling Place","No","Hand marked paper ballots and BMDs","Hand Count, Optical Scan, and DRE",
"5513523850","Wisconsin","Village of Embarrass (Waupaca County)","212","1","Assigned Polling Place","No","Hand marked paper ballots and DREs with VVPAT","Hand Count, Optical Scan, and DRE",
"5513525400","Wisconsin","Town of Farmington (Waupaca County)","2395","1","Assigned Polling Place","No","Hand marked paper ballots and BMDs","Hand Count, Optical Scan, and DRE",
"5513527800","Wisconsin","Village of Fremont (Waupaca County)","518","1","Assigned Polling Place","No","Hand marked paper ballots and BMDs","Hand Count, Optical Scan, and DRE",
"5513527850","Wisconsin","Town of Fremont (Waupaca County)","488","1","Assigned Polling Place","No","Hand marked paper ballots and BMDs","Hand Count, Optical Scan, and DRE",
"5513532925","Wisconsin","Town of Harrison (Waupaca County)","316","1","Assigned Polling Place","No","Hand marked paper ballots and BMDs","Hand Count, Optical Scan, and DRE",
"5513533850","Wisconsin","Town of Helvetia (Waupaca County)","510","1","Assigned Polling Place","No","Hand marked paper ballots and BMDs","Hand Count, Optical Scan, and DRE",
"5513537025","Wisconsin","Village of Iola (Waupaca County)","792","1","Assigned Polling Place","No","Hand marked paper ballots and BMDs","Hand Count, Optical Scan, and DRE",
"5513537050","Wisconsin","Town of Iola (Waupaca County)","669","1","Assigned Polling Place","No","Hand marked paper ballots and BMDs","Hand Count, Optical Scan, and DRE",
"5513542650","Wisconsin","Town of Larrabee (Waupaca County)","812","1","Assigned Polling Place","No","Hand marked paper ballots and BMDs","Hand Count, Optical Scan, and DRE",
"5513543075","Wisconsin","Town of Lebanon (Waupaca County)","1069","1","Assigned Polling Place","No","Hand marked paper ballots and BMDs","Hand Count, Optical Scan, and DRE",
"5513544575","Wisconsin","Town of Lind (Waupaca County)","1027","1","Assigned Polling Place","No","Hand marked paper ballots and BMDs","Hand Count, Optical Scan, and DRE",
"5513545300","Wisconsin","Town of Little Wolf (Waupaca County)","924","1","Assigned Polling Place","No","Hand marked paper ballots and BMDs","Hand Count, Optical Scan, and DRE",
"5513548350","Wisconsin","City of Manawa (Waupaca County)","712","1","Assigned Polling Place","No","Hand marked paper ballots and BMDs","Hand Count, Optical Scan, and DRE",
"5513549400","Wisconsin","City of Marion (Waupaca County)","658","2","Assigned Polling Place","No","Hand marked paper ballots and BMDs","Hand Count, Optical Scan, and DRE",
"5513549975","Wisconsin","Town of Matteson (Waupaca County)","639","1","Assigned Polling Place","No","Hand marked paper ballots and BMDs","Hand Count, Optical Scan, and DRE",
"5513555025","Wisconsin","Town of Mukwa (Waupaca County)","2008","2","Assigned Polling Place","No","Hand marked paper ballots and BMDs","Hand Count, Optical Scan, and DRE",
"5513556925","Wisconsin","City of New London (Waupaca County)","3768","6","Assigned Polling Place","No","Hand marked paper ballots and BMDs","Hand Count, Optical Scan, and DRE",
"5513559475","Wisconsin","Village of Ogdensburg (Waupaca County)","110","1","Assigned Polling Place","No","Hand marked paper ballots and DREs with VVPAT","Hand Count, Optical Scan, and DRE",
"5513569900","Wisconsin","Town of Royalton (Waupaca County)","952","1","Assigned Polling Place","No","Hand marked paper ballots and BMDs","Hand Count, Optical Scan, and DRE",
"5513571975","Wisconsin","Village of Scandinavia (Waupaca County)","223","1","Assigned Polling Place","No","Hand marked paper ballots and BMDs","Hand Count, Optical Scan, and DRE",
"5513572000","Wisconsin","Town of Scandinavia (Waupaca County)","753","1","Assigned Polling Place","No","Hand marked paper ballots and BMDs","Hand Count, Optical Scan, and DRE",
"5513570900","Wisconsin","Town of St. Lawrence (Waupaca County)","485","1","Assigned Polling Place","No","Hand marked paper ballots and BMDs","Hand Count, Optical Scan, and DRE",
"5513581700","Wisconsin","Town of Union (Waupaca County)","503","1","Assigned Polling Place","No","Hand marked paper ballots and BMDs","Hand Count, Optical Scan, and DRE",
"5513584375","Wisconsin","City of Waupaca (Waupaca County)","3322","1","Assigned Polling Place","No","Hand marked paper ballots and BMDs","Hand Count, Optical Scan, and DRE",
"5513584400","Wisconsin","Town of Waupaca (Waupaca County)","781","1","Assigned Polling Place","No","Hand marked paper ballots and BMDs","Hand Count, Optical Scan, and DRE",
"5513586400","Wisconsin","City of Weyauwega (Waupaca County)","975","1","Assigned Polling Place","No","Hand marked paper ballots and BMDs","Hand Count, Optical Scan, and DRE",
"5513586425","Wisconsin","Town of Weyauwega (Waupaca County)","374","1","Assigned Polling Place","No","Hand marked paper ballots and DREs with VVPAT","Hand Count, Optical Scan, and DRE",
"5513589375","Wisconsin","Town of Wyoming (Waupaca County)","213","1","Assigned Polling Place","No","Hand marked paper ballots and BMDs","Hand Count, Optical Scan, and DRE",
"5513703925","Wisconsin","Town of Aurora (Waushara County)","679","1","Assigned Polling Place","No","Hand marked paper ballots and BMDs","Optical Scan",
"5513708300","Wisconsin","Town of Bloomfield (Waushara County)","720","1","Assigned Polling Place","No","Hand marked paper ballots and BMDs","Optical Scan",
"5513716375","Wisconsin","Village of Coloma (Waushara County)","288","1","Assigned Polling Place","No","Hand marked paper ballots and BMDs","Optical Scan",
"5513716400","Wisconsin","Town of Coloma (Waushara County)","477","1","Assigned Polling Place","No","Hand marked paper ballots and BMDs","Optical Scan",
"5513718475","Wisconsin","Town of Dakota (Waushara County)","677","1","Assigned Polling Place","No","Hand marked paper ballots and BMDs","Optical Scan",
"5513719300","Wisconsin","Town of Deerfield (Waushara County)","513","1","Assigned Polling Place","No","Hand marked paper ballots and BMDs","Optical Scan",
"5513732450","Wisconsin","Village of Hancock (Waushara County)","264","1","Assigned Polling Place","No","Hand marked paper ballots and BMDs","Optical Scan",
"5513732475","Wisconsin","Town of Hancock (Waushara County)","381","1","Assigned Polling Place","No","Hand marked paper ballots and BMDs","Optical Scan",
"5513743500","Wisconsin","Town of Leon (Waushara County)","1049","1","Assigned Polling Place","No","Hand marked paper ballots and BMDs","Optical Scan",
"5513745425","Wisconsin","Village of Lohrville (Waushara County)","232","1","Assigned Polling Place","No","Hand marked paper ballots and BMDs","Optical Scan",
"5513749425","Wisconsin","Town of Marion (Waushara County)","1453","1","Assigned Polling Place","No","Hand marked paper ballots and BMDs","Optical Scan",
"5513754825","Wisconsin","Town of Mount Morris (Waushara County)","859","1","Assigned Polling Place","No","Hand marked paper ballots and BMDs","Optical Scan",
"5513759225","Wisconsin","Town of Oasis (Waushara County)","269","1","Assigned Polling Place","No","Hand marked paper ballots and BMDs","Optical Scan",
"5513763150","Wisconsin","Village of Plainfield (Waushara County)","424","1","Assigned Polling Place","No","Hand marked paper ballots and BMDs","Optical Scan",
"5513763175","Wisconsin","Town of Plainfield (Waushara County)","309","1","Assigned Polling Place","No","Hand marked paper ballots and BMDs","Optical Scan",
"5513764975","Wisconsin","Town of Poysippi (Waushara County)","595","1","Assigned Polling Place","No","Hand marked paper ballots and BMDs","Optical Scan",
"5513766625","Wisconsin","Village of Redgranite (Waushara County)","558","1","Assigned Polling Place","No","Hand marked paper ballots and BMDs","Optical Scan",
"5513767550","Wisconsin","Town of Richford (Waushara County)","276","1","Assigned Polling Place","No","Hand marked paper ballots and BMDs","Optical Scan",
"5513769425","Wisconsin","Town of Rose (Waushara County)","461","1","Assigned Polling Place","No","Hand marked paper ballots and BMDs","Optical Scan",
"5513771825","Wisconsin","Town of Saxeville (Waushara County)","746","1","Assigned Polling Place","No","Hand marked paper ballots and BMDs","Optical Scan",
"5513776400","Wisconsin","Town of Springwater (Waushara County)","988","1","Assigned Polling Place","No","Hand marked paper ballots and BMDs","Optical Scan",
"5513783425","Wisconsin","Town of Warren (Waushara County)","423","1","Assigned Polling Place","No","Hand marked paper ballots and BMDs","Optical Scan",
"5513784625","Wisconsin","City of Wautoma (Waushara County)","970","1","Assigned Polling Place","No","Hand marked paper ballots and BMDs","Optical Scan",
"5513784650","Wisconsin","Town of Wautoma (Waushara County)","916","1","Assigned Polling Place","No","Hand marked paper ballots and BMDs","Optical Scan",
"5513787075","Wisconsin","Village of Wild Rose (Waushara County)","455","1","Assigned Polling Place","No","Hand marked paper ballots and BMDs","Optical Scan",
"5513901025","Wisconsin","Town of Algoma (Winnebago County)","4991","2","Assigned Polling Place","No","Hand marked paper ballots and BMDs","Optical Scan",
"5513908000","Wisconsin","Town of Black Wolf (Winnebago County)","1819","1","Assigned Polling Place","No","Hand marked paper ballots and BMDs","Optical Scan",
"5513915150","Wisconsin","Town of Clayton (Winnebago County)","3177","2","Assigned Polling Place","No","Hand marked paper ballots and BMDs","Optical Scan",
"5513926982","Wisconsin","Village of Fox Crossing (Winnebago County)","11742","5","Assigned Polling Place","No","Hand marked paper ballots and BMDs","Optical Scan",
"5513950825","Wisconsin","City of Menasha (Winnebago County)","10413","5","Assigned Polling Place","No","Hand marked paper ballots and BMDs","Optical Scan",
"5513955750","Wisconsin","City of Neenah (Winnebago County)","16604","6","Assigned Polling Place","No","Hand marked paper ballots and BMDs","Optical Scan",
"5513955775","Wisconsin","Town of Neenah (Winnebago County)","2556","1","Assigned Polling Place","No","Hand marked paper ballots and BMDs","Optical Scan",
"5513955850","Wisconsin","Town of Nekimi (Winnebago County)","982","1","Assigned Polling Place","No","Hand marked paper ballots and BMDs","Optical Scan",
"5513956100","Wisconsin","Town of Nepeuskun (Winnebago County)","513","1","Assigned Polling Place","No","Hand marked paper ballots and BMDs","Optical Scan",
"5513959875","Wisconsin","City of Omro (Winnebago County)","2234","1","Assigned Polling Place","No","Hand marked paper ballots and BMDs","Optical Scan",
"5513959900","Wisconsin","Town of Omro (Winnebago County)","1779","1","Assigned Polling Place","No","Hand marked paper ballots and BMDs","Optical Scan",
"5513960500","Wisconsin","City of Oshkosh (Winnebago County)","34357","39","Assigned Polling Place","No","Hand marked paper ballots and BMDs","Optical Scan",
"5513960525","Wisconsin","Town of Oshkosh (Winnebago County)","1810","1","Assigned Polling Place","No","Hand marked paper ballots and BMDs","Optical Scan",
"5513964875","Wisconsin","Town of Poygan (Winnebago County)","929","1","Assigned Polling Place","No","Hand marked paper ballots and BMDs","Optical Scan",
"5513970125","Wisconsin","Town of Rushford (Winnebago County)","1141","1","Assigned Polling Place","No","Hand marked paper ballots and BMDs","Optical Scan",
"5513982175","Wisconsin","Town of Utica (Winnebago County)","940","1","Assigned Polling Place","No","Hand marked paper ballots and BMDs","Optical Scan",
"5513982875","Wisconsin","Town of Vinland (Winnebago County)","1350","1","Assigned Polling Place","No","Hand marked paper ballots and BMDs","Optical Scan",
"5513987650","Wisconsin","Town of Winchester (Winnebago County)","1354","2","Assigned Polling Place","No","Hand marked paper ballots and BMDs","Optical Scan",
"5513987900","Wisconsin","Village of Winneconne (Winnebago County)","1753","1","Assigned Polling Place","No","Hand marked paper ballots and BMDs","Optical Scan",
"5513987925","Wisconsin","Town of Winneconne (Winnebago County)","2002","1","Assigned Polling Place","No","Hand marked paper ballots and BMDs","Optical Scan",
"5513988475","Wisconsin","Town of Wolf River (Winnebago County)","946","2","Assigned Polling Place","No","Hand marked paper ballots and BMDs","Optical Scan",
"5514103025","Wisconsin","Village of Arpin (Wood County)","176","1","Assigned Polling Place","No","Hand marked paper ballots and BMDs","Optical Scan",
"5514103050","Wisconsin","Town of Arpin (Wood County)","576","1","Assigned Polling Place","No","Hand marked paper ballots and BMDs","Optical Scan",
"5514103775","Wisconsin","Village of Auburndale (Wood County)","396","1","Assigned Polling Place","No","Hand marked paper ballots and BMDs","Optical Scan",
"5514103800","Wisconsin","Town of Auburndale (Wood County)","520","1","Assigned Polling Place","No","Hand marked paper ballots and BMDs","Optical Scan",
"5514107650","Wisconsin","Village of Biron (Wood County)","512","1","Assigned Polling Place","No","Hand marked paper ballots and BMDs","Optical Scan",
"5514112275","Wisconsin","Town of Cameron (Wood County)","344","1","Assigned Polling Place","No","Hand marked paper ballots and BMDs","Optical Scan",
"5514112775","Wisconsin","Town of Cary (Wood County)","282","1","Assigned Polling Place","No","Hand marked paper ballots and BMDs","Optical Scan",
"5514117525","Wisconsin","Town of Cranmoor (Wood County)","119","1","Assigned Polling Place","No","Hand marked paper ballots and BMDs","Optical Scan",
"5514120075","Wisconsin","Town of Dexter (Wood County)","243","1","Assigned Polling Place","No","Hand marked paper ballots and BMDs","Optical Scan",
"5514130125","Wisconsin","Town of Grand Rapids (Wood County)","5347","1","Assigned Polling Place","No","Hand marked paper ballots and BMDs","Optical Scan",
"5514132575","Wisconsin","Town of Hansen (Wood County)","494","1","Assigned Polling Place","No","Hand marked paper ballots and BMDs","Optical Scan",
"5514134250","Wisconsin","Village of Hewitt (Wood County)","555","1","Assigned Polling Place","No","Hand marked paper ballots and BMDs","Optical Scan",
"5514134675","Wisconsin","Town of Hiles (Wood County)","103","1","Assigned Polling Place","No","Hand marked paper ballots and BMDs","Optical Scan",
"5514144550","Wisconsin","Town of Lincoln (Wood County)","1095","1","Assigned Polling Place","No","Hand marked paper ballots and BMDs","Optical Scan",
"5514149675","Wisconsin","City of Marshfield (Wood County)","10714","11","Assigned Polling Place","No","Hand marked paper ballots and BMDs","Optical Scan",
"5514149700","Wisconsin","Town of Marshfield (Wood County)","525","1","Assigned Polling Place","No","Hand marked paper ballots and BMDs","Optical Scan",
"5514151875","Wisconsin","Village of Milladore (Wood County)","175","2","Assigned Polling Place","No","Hand marked paper ballots and BMDs","Optical Scan",
"5514151900","Wisconsin","Town of Milladore (Wood County)","444","1","Assigned Polling Place","No","Hand marked paper ballots and BMDs","Optical Scan",
"5514155875","Wisconsin","City of Nekoosa (Wood County)","1350","1","Assigned Polling Place","No","Hand marked paper ballots and BMDs","Optical Scan",
"5514163100","Wisconsin","City of Pittsville (Wood County)","488","1","Assigned Polling Place","No","Hand marked paper ballots and BMDs","Optical Scan",
"5514164175","Wisconsin","Village of Port Edwards (Wood County)","1103","1","Assigned Polling Place","No","Hand marked paper ballots and BMDs","Optical Scan",
"5514164200","Wisconsin","Town of Port Edwards (Wood County)","862","1","Assigned Polling Place","No","Hand marked paper ballots and BMDs","Optical Scan",
"5514167000","Wisconsin","Town of Remington (Wood County)","184","1","Assigned Polling Place","No","Hand marked paper ballots and BMDs","Optical Scan",
"5514167500","Wisconsin","Town of Richfield (Wood County)","1008","1","Assigned Polling Place","No","Hand marked paper ballots and BMDs","Optical Scan",
"5514168625","Wisconsin","Town of Rock (Wood County)","593","1","Assigned Polling Place","No","Hand marked paper ballots and BMDs","Optical Scan",
"5514170000","Wisconsin","Village of Rudolph (Wood County)","282","1","Assigned Polling Place","No","Hand marked paper ballots and BMDs","Optical Scan",
"5514170025","Wisconsin","Town of Rudolph (Wood County)","704","1","Assigned Polling Place","No","Hand marked paper ballots and BMDs","Optical Scan",
"5514171600","Wisconsin","Town of Saratoga (Wood County)","3333","1","Assigned Polling Place","No","Hand marked paper ballots and BMDs","Optical Scan",
"5514172575","Wisconsin","Town of Seneca (Wood County)","716","1","Assigned Polling Place","No","Hand marked paper ballots and BMDs","Optical Scan",
"5514173475","Wisconsin","Town of Sherry (Wood County)","496","1","Assigned Polling Place","No","Hand marked paper ballots and BMDs","Optical Scan",
"5514173900","Wisconsin","Town of Sigel (Wood County)","687","1","Assigned Polling Place","No","Hand marked paper ballots and BMDs","Optical Scan",
"5514182650","Wisconsin","Village of Vesper (Wood County)","316","1","Assigned Polling Place","No","Hand marked paper ballots and BMDs","Optical Scan",
"5514188200","Wisconsin","City of Wisconsin Rapids (Wood County)","10106","8","Assigned Polling Place","No","Hand marked paper ballots and BMDs","Optical Scan",
"5514188575","Wisconsin","Town of Wood (Wood County)","537","1","Assigned Polling Place","No","Hand marked paper ballots and BMDs","Optical Scan",
"5600100000","Wyoming","Albany County","20443","11","Assigned Polling Place","No","Hand marked paper ballots and BMDs","Optical Scan",
"5600300000","Wyoming","Big Horn County","6388","13","Assigned Polling Place","No","Hand marked paper ballots and BMDs","Optical Scan",
"5600500000","Wyoming","Campbell County","21159","37","Assigned Polling Place","No","Hand marked paper ballots and BMDs","Optical Scan",
"5600700000","Wyoming","Carbon County","7480","19","Assigned Polling Place","No","Hand marked paper ballots and BMDs","Optical Scan",
"5600900000","Wyoming","Converse County","7462","19","Assigned Polling Place","No","Hand marked paper ballots and BMDs","Optical Scan",
"5601100000","Wyoming","Crook County","4641","17","Assigned Polling Place","No","Hand marked paper ballots and BMDs","Optical Scan",
"5601300000","Wyoming","Fremont County","19698","32","Assigned Polling Place","No","Hand marked paper ballots and BMDs","Optical Scan",
"5601500000","Wyoming","Goshen County","6855","14","Assigned Polling Place","No","Hand marked paper ballots and BMDs","Optical Scan",
"5601700000","Wyoming","Hot Springs County","2868","5","Assigned Polling Place","No","Hand marked paper ballots and BMDs","Optical Scan",
"5601900000","Wyoming","Johnson County","5544","16","Assigned Polling Place","No","Hand marked paper ballots and BMDs","Optical Scan",
"5602100000","Wyoming","Laramie County","48591","40","Vote Center","No","Ballot Marking Devices for all voters","Optical Scan",
"5602300000","Wyoming","Lincoln County","11771","158","Assigned Polling Place","No","Hand marked paper ballots and BMDs","Optical Scan",
"5602500000","Wyoming","Natrona County","37813","46","Vote Center","No","Hand marked paper ballots and BMDs","Optical Scan",
"5602700000","Wyoming","Niobrara County","1449","6","Assigned Polling Place","No","Hand marked paper ballots and BMDs","Optical Scan",
"5602900000","Wyoming","Park County","18624","29","Assigned Polling Place","No","Hand marked paper ballots and BMDs","Optical Scan",
"5603100000","Wyoming","Platte County","5333","8","Assigned Polling Place","No","Hand marked paper ballots and BMDs","Optical Scan",
"5603300000","Wyoming","Sheridan County","18214","29","Assigned Polling Place","No","Hand marked paper ballots and BMDs","Optical Scan",
"5603500000","Wyoming","Sublette County","5556","8","Assigned Polling Place","No","Hand marked paper ballots and BMDs","Optical Scan",
"5603700000","Wyoming","Sweetwater County","18291","35","Assigned Polling Place","No","Hand marked paper ballots and BMDs","Optical Scan",
"5603900000","Wyoming","Teton County","16112","18","Vote Center","No","Hand marked paper ballots and BMDs","Optical Scan",
"5604100000","Wyoming","Uinta County","10263","10","Vote Center","No","Hand marked paper ballots and BMDs","Optical Scan",
"5604300000","Wyoming","Washakie County","4392","5","Vote Center","No","Hand marked paper ballots and BMDs","Optical Scan",
"5604500000","Wyoming","Weston County","2984","8","Vote Center","No","Hand marked paper ballots and BMDs","Optical Scan",